#id	E	T		depth	size	
0	7	9.666691E-01	4	6	
0	9	2.153153E+00	4	6	
0	21	1.059453E+01	4	6	
0	23	1.208207E+01	4	6	
0	25	1.248467E+01	4	6	
0	27	1.301351E+01	4	6	
0	29	1.329580E+01	4	6	
0	34	1.483173E+01	4	6	
0	38	1.720548E+01	4	6	
0	45	2.098107E+01	4	6	
0	63	2.740479E+01	4	6	
0	67	2.953717E+01	4	6	
0	70	3.020490E+01	4	6	
0	72	3.097966E+01	4	6	
0	84	3.480006E+01	4	6	
0	89	3.659409E+01	4	6	
0	92	3.688005E+01	4	6	
0	95	3.740845E+01	4	6	
0	97	3.804274E+01	4	6	
0	99	3.901769E+01	4	6	
0	101	3.906674E+01	4	6	
0	113	4.354260E+01	4	6	
0	115	4.389142E+01	4	6	
0	120	4.581461E+01	4	6	
0	122	4.616126E+01	4	6	
0	128	4.885742E+01	4	6	
0	139	5.576574E+01	4	6	
0	157	6.349379E+01	4	6	
0	163	6.494728E+01	4	6	
0	169	6.666989E+01	4	6	
0	176	6.929341E+01	4	6	
0	181	6.987679E+01	4	6	
0	191	7.374304E+01	4	6	
0	193	7.438845E+01	4	6	
0	198	7.605086E+01	4	6	
0	202	7.827361E+01	4	6	
0	204	7.908687E+01	4	6	
0	210	8.169526E+01	4	6	
0	222	8.545545E+01	4	6	
0	229	8.856801E+01	4	6	
0	233	8.953850E+01	4	6	
0	243	9.401833E+01	4	6	
0	245	9.429741E+01	4	6	
0	251	9.634546E+01	4	6	
0	254	9.722797E+01	4	6	
0	256	9.861050E+01	4	6	
0	259	1.003492E+02	4	6	
0	261	1.008582E+02	4	6	
0	263	1.018911E+02	4	6	
0	267	1.030017E+02	4	6	
0	271	1.048795E+02	4	6	
0	277	1.062850E+02	4	6	
0	280	1.077280E+02	4	6	
0	299	1.146665E+02	4	6	
0	306	1.180730E+02	4	6	
0	308	1.198094E+02	4	6	
0	313	1.211783E+02	4	6	
0	315	1.214983E+02	4	6	
0	319	1.229846E+02	4	6	
0	322	1.267145E+02	4	6	
0	329	1.296756E+02	4	6	
0	332	1.302226E+02	4	6	
0	337	1.324606E+02	4	6	
0	339	1.327870E+02	4	6	
0	343	1.346405E+02	4	6	
0	350	1.389315E+02	4	6	
0	354	1.408304E+02	4	6	
0	364	1.467806E+02	4	6	
0	376	1.526607E+02	4	6	
0	382	1.550949E+02	4	6	
0	384	1.559669E+02	4	6	
0	387	1.563403E+02	4	6	
0	390	1.570223E+02	4	6	
0	399	1.603942E+02	4	6	
0	402	1.631201E+02	4	6	
0	404	1.657672E+02	4	6	
0	407	1.688208E+02	4	6	
0	409	1.696708E+02	4	6	
0	412	1.708219E+02	4	6	
0	415	1.717090E+02	4	6	
0	420	1.745307E+02	4	6	
0	425	1.775435E+02	4	6	
0	449	1.874513E+02	4	6	
0	457	1.913635E+02	4	6	
0	462	1.928738E+02	4	6	
0	466	1.958733E+02	4	6	
0	471	1.976928E+02	4	6	
0	475	1.996531E+02	4	6	
0	482	2.005008E+02	4	6	
0	496	2.041312E+02	4	6	
0	500	2.055659E+02	4	6	
0	502	2.070852E+02	4	6	
0	504	2.078729E+02	4	6	
0	506	2.084771E+02	4	6	
0	510	2.090235E+02	4	6	
0	512	2.095478E+02	4	6	
0	515	2.112732E+02	4	6	
0	524	2.164236E+02	4	6	
0	526	2.170359E+02	4	6	
0	528	2.177638E+02	4	6	
0	531	2.188003E+02	4	6	
0	535	2.198903E+02	4	6	
0	539	2.217532E+02	4	6	
0	544	2.250550E+02	4	6	
0	552	2.301828E+02	4	6	
0	554	2.307022E+02	4	6	
0	556	2.310691E+02	4	6	
0	558	2.323591E+02	4	6	
0	561	2.337973E+02	4	6	
0	569	2.358247E+02	4	6	
0	572	2.377232E+02	4	6	
0	574	2.379647E+02	4	6	
0	577	2.395946E+02	4	6	
0	581	2.424993E+02	4	6	
0	585	2.440328E+02	4	6	
0	591	2.456491E+02	4	6	
0	595	2.470584E+02	4	6	
0	601	2.496086E+02	4	6	
0	612	2.517496E+02	4	6	
0	616	2.541838E+02	4	6	
0	618	2.548365E+02	4	6	
0	626	2.620764E+02	4	6	
0	630	2.627970E+02	4	6	
0	633	2.655387E+02	4	6	
0	635	2.665945E+02	4	6	
0	639	2.690863E+02	4	6	
0	646	2.713217E+02	4	6	
0	649	2.721573E+02	4	6	
0	652	2.736637E+02	4	6	
0	659	2.786972E+02	4	6	
0	663	2.794126E+02	4	6	
0	678	2.875934E+02	4	6	
0	684	2.917188E+02	4	6	
0	691	2.935591E+02	4	6	
0	697	2.963574E+02	4	6	
0	699	2.965987E+02	4	6	
0	703	2.975428E+02	4	6	
0	708	2.985885E+02	4	6	
0	710	2.991697E+02	4	6	
0	712	3.000001E+02	4	6	
0	719	3.026846E+02	4	6	
0	726	3.055309E+02	4	6	
0	729	3.066544E+02	4	6	
0	731	3.083852E+02	4	6	
0	733	3.086809E+02	4	6	
0	737	3.117615E+02	4	6	
0	739	3.130844E+02	4	6	
0	741	3.153792E+02	4	6	
0	755	3.236287E+02	4	6	
0	760	3.251731E+02	4	6	
0	763	3.261306E+02	4	6	
0	765	3.283353E+02	4	6	
0	770	3.323690E+02	4	6	
0	772	3.356628E+02	4	6	
0	777	3.358862E+02	4	6	
0	781	3.362397E+02	4	6	
0	783	3.375260E+02	4	6	
0	786	3.388989E+02	4	6	
0	789	3.396165E+02	4	6	
0	799	3.456967E+02	4	6	
0	803	3.471165E+02	4	6	
0	813	3.519899E+02	4	6	
0	816	3.544930E+02	4	6	
0	823	3.584723E+02	4	6	
0	831	3.610765E+02	4	6	
0	836	3.628904E+02	4	6	
0	840	3.654078E+02	4	6	
0	842	3.659226E+02	4	6	
0	844	3.673868E+02	4	6	
0	850	3.710529E+02	4	6	
0	854	3.716891E+02	4	6	
0	857	3.736589E+02	4	6	
0	869	3.763996E+02	4	6	
0	873	3.772189E+02	4	6	
0	876	3.791792E+02	4	6	
0	880	3.804144E+02	4	6	
0	883	3.816366E+02	4	6	
0	885	3.820760E+02	4	6	
0	887	3.822110E+02	4	6	
0	891	3.834376E+02	4	6	
0	893	3.849324E+02	4	6	
0	895	3.856843E+02	4	6	
0	903	3.890887E+02	4	6	
0	907	3.909176E+02	4	6	
0	909	3.919642E+02	4	6	
0	915	3.963178E+02	4	6	
0	918	3.975211E+02	4	6	
0	922	3.990132E+02	4	6	
0	924	4.001053E+02	4	6	
0	927	4.002795E+02	4	6	
0	932	4.014178E+02	4	6	
0	934	4.021791E+02	4	6	
0	941	4.044719E+02	4	6	
0	944	4.059477E+02	4	6	
0	948	4.073544E+02	4	6	
0	950	4.075806E+02	4	6	
0	952	4.091833E+02	4	6	
0	954	4.107440E+02	4	6	
0	957	4.113532E+02	4	6	
0	960	4.137227E+02	4	6	
0	963	4.146707E+02	4	6	
0	968	4.157604E+02	4	6	
0	972	4.176146E+02	4	6	
0	975	4.196988E+02	4	6	
0	977	4.206222E+02	4	6	
0	984	4.222752E+02	4	6	
0	990	4.247820E+02	4	6	
0	992	4.252047E+02	4	6	
0	998	4.270643E+02	4	6	
0	1005	4.289592E+02	4	6	
0	1007	4.309371E+02	4	6	
0	1016	4.351513E+02	4	6	
0	1020	4.368555E+02	4	6	
0	1026	4.400596E+02	4	6	
0	1028	4.403097E+02	4	6	
0	1037	4.439183E+02	4	6	
0	1046	4.485406E+02	4	6	
0	1050	4.493464E+02	4	6	
0	1052	4.496849E+02	4	6	
0	1055	4.517753E+02	4	6	
0	1066	4.564527E+02	4	6	
0	1069	4.579407E+02	4	6	
0	1071	4.582384E+02	4	6	
0	1073	4.595834E+02	4	6	
0	1078	4.618953E+02	4	6	
0	1082	4.635173E+02	4	6	
0	1088	4.656592E+02	4	6	
0	1092	4.679046E+02	4	6	
0	1095	4.693247E+02	4	6	
0	1099	4.706035E+02	4	6	
0	1102	4.711076E+02	4	6	
0	1104	4.719460E+02	4	6	
0	1108	4.731102E+02	4	6	
0	1110	4.737973E+02	4	6	
0	1118	4.755356E+02	4	6	
0	1120	4.767357E+02	4	6	
0	1124	4.818587E+02	4	6	
0	1127	4.836247E+02	4	6	
0	1129	4.837412E+02	4	6	
0	1146	4.916683E+02	4	6	
0	1148	4.917342E+02	4	6	
0	1152	4.938335E+02	4	6	
0	1166	4.968131E+02	4	6	
0	1168	4.971254E+02	4	6	
0	1172	4.994645E+02	4	6	
0	1175	5.010644E+02	4	6	
0	1177	5.018281E+02	4	6	
0	1180	5.031126E+02	4	6	
0	1184	5.044841E+02	4	6	
0	1187	5.068901E+02	4	6	
0	1189	5.074605E+02	4	6	
0	1192	5.083415E+02	4	6	
0	1198	5.093138E+02	4	6	
0	1200	5.103363E+02	4	6	
0	1202	5.106508E+02	4	6	
0	1208	5.139569E+02	4	6	
0	1213	5.156032E+02	4	6	
0	1217	5.168834E+02	4	6	
0	1227	5.200197E+02	4	6	
0	1229	5.229415E+02	4	6	
0	1231	5.247354E+02	4	6	
0	1235	5.251188E+02	4	6	
0	1237	5.257929E+02	4	6	
0	1241	5.279862E+02	4	6	
0	1243	5.297819E+02	4	6	
0	1247	5.304793E+02	4	6	
0	1255	5.339002E+02	4	6	
0	1260	5.350265E+02	4	6	
0	1262	5.353569E+02	4	6	
0	1270	5.400696E+02	4	6	
0	1274	5.405145E+02	4	6	
0	1281	5.454686E+02	4	6	
0	1284	5.471374E+02	4	6	
0	1288	5.489712E+02	4	6	
0	1301	5.530258E+02	4	6	
0	1317	5.588153E+02	4	6	
0	1321	5.610694E+02	4	6	
0	1324	5.618674E+02	4	6	
0	1326	5.631050E+02	4	6	
0	1330	5.637831E+02	4	6	
0	1333	5.649956E+02	4	6	
0	1336	5.662602E+02	4	6	
0	1340	5.685340E+02	4	6	
0	1362	5.753169E+02	4	6	
0	1371	5.807126E+02	4	6	
0	1379	5.834070E+02	4	6	
0	1384	5.843191E+02	4	6	
0	1389	5.860436E+02	4	6	
0	1391	5.864833E+02	4	6	
0	1399	5.899605E+02	4	6	
0	1402	5.921620E+02	4	6	
0	1406	5.935807E+02	4	6	
0	1410	5.958737E+02	4	6	
0	1412	5.965692E+02	4	6	
0	1422	6.051361E+02	4	6	
0	1425	6.056263E+02	4	6	
0	1427	6.060049E+02	4	6	
0	1429	6.071167E+02	4	6	
0	1431	6.079690E+02	4	6	
0	1433	6.093116E+02	4	6	
0	1436	6.099308E+02	4	6	
0	1444	6.122917E+02	4	6	
0	1447	6.147057E+02	4	6	
0	1456	6.198609E+02	4	6	
0	1461	6.220140E+02	4	6	
0	1463	6.240653E+02	4	6	
0	1466	6.292358E+02	4	6	
0	1471	6.315421E+02	4	6	
0	1476	6.327616E+02	4	6	
0	1480	6.342304E+02	4	6	
0	1482	6.349345E+02	4	6	
0	1486	6.363857E+02	4	6	
0	1492	6.394143E+02	4	6	
0	1494	6.395577E+02	4	6	
0	1496	6.407852E+02	4	6	
0	1503	6.448116E+02	4	6	
0	1506	6.456792E+02	4	6	
0	1514	6.489253E+02	4	6	
0	1516	6.492996E+02	4	6	
0	1521	6.509170E+02	4	6	
0	1525	6.531812E+02	4	6	
0	1530	6.550365E+02	4	6	
0	1532	6.568491E+02	4	6	
0	1538	6.579639E+02	4	6	
0	1540	6.582005E+02	4	6	
0	1546	6.614066E+02	4	6	
0	1550	6.619063E+02	4	6	
0	1555	6.654650E+02	4	6	
0	1557	6.659824E+02	4	6	
0	1559	6.663343E+02	4	6	
0	1564	6.681150E+02	4	6	
0	1572	6.718917E+02	4	6	
0	1576	6.732669E+02	4	6	
0	1586	6.768142E+02	4	6	
0	1594	6.788513E+02	4	6	
0	1606	6.853166E+02	4	6	
0	1614	6.873607E+02	4	6	
0	1618	6.895269E+02	4	6	
0	1622	6.903146E+02	4	6	
0	1626	6.913432E+02	4	6	
0	1628	6.918904E+02	4	6	
0	1630	6.924821E+02	4	6	
0	1634	6.940098E+02	4	6	
0	1641	6.968811E+02	4	6	
0	1643	6.985415E+02	4	6	
0	1647	7.002931E+02	4	6	
0	1651	7.023033E+02	4	6	
0	1654	7.038819E+02	4	6	
0	1656	7.060168E+02	4	6	
0	1658	7.061187E+02	4	6	
0	1662	7.069267E+02	4	6	
0	1664	7.076840E+02	4	6	
0	1670	7.089373E+02	4	6	
0	1672	7.095551E+02	4	6	
0	1688	7.163035E+02	4	6	
0	1690	7.165114E+02	4	6	
0	1692	7.170822E+02	4	6	
0	1696	7.174372E+02	4	6	
0	1699	7.179788E+02	4	6	
0	1705	7.198420E+02	4	6	
0	1707	7.206141E+02	4	6	
0	1711	7.217245E+02	4	6	
0	1720	7.250448E+02	4	6	
0	1723	7.263961E+02	4	6	
0	1727	7.268739E+02	4	6	
0	1730	7.280125E+02	4	6	
0	1734	7.296675E+02	4	6	
0	1736	7.313369E+02	4	6	
0	1740	7.331134E+02	4	6	
0	1744	7.362060E+02	4	6	
0	1748	7.390653E+02	4	6	
0	1751	7.405572E+02	4	6	
0	1753	7.412568E+02	4	6	
0	1755	7.413022E+02	4	6	
0	1757	7.428439E+02	4	6	
0	1759	7.442219E+02	4	6	
0	1767	7.482947E+02	4	6	
0	1771	7.491836E+02	4	6	
0	1799	7.586164E+02	4	6	
0	1802	7.599437E+02	4	6	
0	1806	7.634479E+02	4	6	
0	1814	7.657903E+02	4	6	
0	1832	7.721520E+02	4	6	
0	1837	7.732142E+02	4	6	
0	1839	7.738394E+02	4	6	
0	1844	7.755876E+02	4	6	
0	1846	7.762733E+02	4	6	
0	1855	7.800029E+02	4	6	
0	1859	7.809334E+02	4	6	
0	1862	7.830079E+02	4	6	
0	1868	7.869908E+02	4	6	
0	1872	7.880558E+02	4	6	
0	1874	7.881635E+02	4	6	
0	1881	7.910472E+02	4	6	
0	1885	7.914880E+02	4	6	
0	1887	7.930626E+02	4	6	
0	1890	7.947916E+02	4	6	
0	1895	7.968769E+02	4	6	
0	1897	7.973515E+02	4	6	
0	1905	7.992197E+02	4	6	
0	1909	8.007393E+02	4	6	
0	1916	8.034462E+02	4	6	
0	1922	8.048701E+02	4	6	
0	1924	8.067313E+02	4	6	
0	1930	8.111240E+02	4	6	
0	1934	8.123610E+02	4	6	
0	1936	8.125661E+02	4	6	
0	1938	8.129354E+02	4	6	
0	1940	8.132914E+02	4	6	
0	1948	8.151444E+02	4	6	
0	1957	8.187187E+02	4	6	
0	1960	8.191425E+02	4	6	
0	1963	8.197306E+02	4	6	
0	1965	8.207159E+02	4	6	
0	1968	8.217962E+02	4	6	
0	1970	8.224578E+02	4	6	
0	1973	8.231584E+02	4	6	
0	1975	8.240540E+02	4	6	
0	1978	8.256865E+02	4	6	
0	1989	8.295116E+02	4	6	
0	1991	8.297603E+02	4	6	
0	1996	8.317768E+02	4	6	
0	1999	8.323857E+02	4	6	
0	2008	8.347925E+02	4	6	
0	2017	8.388946E+02	4	6	
0	2023	8.411548E+02	4	6	
0	2027	8.422753E+02	4	6	
0	2029	8.423802E+02	4	6	
0	2031	8.431269E+02	4	6	
0	2033	8.433788E+02	4	6	
0	2035	8.435262E+02	4	6	
0	2049	8.478842E+02	4	6	
0	2053	8.502356E+02	4	6	
0	2056	8.518556E+02	4	6	
0	2061	8.533191E+02	4	6	
0	2064	8.545302E+02	4	6	
0	2068	8.556273E+02	4	6	
0	2070	8.561621E+02	4	6	
0	2075	8.581961E+02	4	6	
0	2077	8.592675E+02	4	6	
0	2080	8.629093E+02	4	6	
0	2083	8.635473E+02	4	6	
0	2086	8.658216E+02	4	6	
0	2089	8.666573E+02	4	6	
0	2095	8.685612E+02	4	6	
0	2099	8.693379E+02	4	6	
0	2104	8.708129E+02	4	6	
0	2114	8.750336E+02	4	6	
0	2122	8.767653E+02	4	6	
0	2128	8.790806E+02	4	6	
0	2136	8.808109E+02	4	6	
0	2138	8.819925E+02	4	6	
0	2146	8.846456E+02	4	6	
0	2148	8.852112E+02	4	6	
0	2150	8.859089E+02	4	6	
0	2160	8.929013E+02	4	6	
0	2162	8.939211E+02	4	6	
0	2166	8.954964E+02	4	6	
0	2171	8.965251E+02	4	6	
0	2186	9.038006E+02	4	6	
0	2189	9.055280E+02	4	6	
0	2191	9.065084E+02	4	6	
0	2193	9.069603E+02	4	6	
0	2196	9.079343E+02	4	6	
0	2207	9.127298E+02	4	6	
0	2211	9.149594E+02	4	6	
0	2216	9.201133E+02	4	6	
0	2219	9.228519E+02	4	6	
0	2223	9.259642E+02	4	6	
0	2227	9.270228E+02	4	6	
0	2229	9.279109E+02	4	6	
0	2231	9.290458E+02	4	6	
0	2233	9.300086E+02	4	6	
0	2239	9.334547E+02	4	6	
0	2243	9.343673E+02	4	6	
0	2247	9.354144E+02	4	6	
0	2255	9.398619E+02	4	6	
0	2257	9.402262E+02	4	6	
0	2262	9.415789E+02	4	6	
0	2268	9.429235E+02	4	6	
0	2274	9.472339E+02	4	6	
0	2276	9.476818E+02	4	6	
0	2280	9.485909E+02	4	6	
0	2287	9.504952E+02	4	6	
0	2290	9.511701E+02	4	6	
0	2294	9.519097E+02	4	6	
0	2296	9.525283E+02	4	6	
0	2298	9.534252E+02	4	6	
0	2300	9.536323E+02	4	6	
0	2303	9.557051E+02	4	6	
0	2305	9.568301E+02	4	6	
0	2318	9.618371E+02	4	6	
0	2326	9.648896E+02	4	6	
0	2331	9.663771E+02	4	6	
0	2333	9.678557E+02	4	6	
0	2337	9.697911E+02	4	6	
0	2341	9.712866E+02	4	6	
0	2346	9.726092E+02	4	6	
0	2348	9.733940E+02	4	6	
0	2350	9.745114E+02	4	6	
0	2353	9.804921E+02	4	6	
0	2365	9.857522E+02	4	6	
0	2371	9.885800E+02	4	6	
0	2373	9.899901E+02	4	6	
0	2376	9.919461E+02	4	6	
0	2380	9.937659E+02	4	6	
0	2391	9.968469E+02	4	6	
0	2395	9.988172E+02	4	6	
0	2404	1.001567E+03	4	6	
0	2407	1.001997E+03	4	6	
0	2411	1.006215E+03	4	6	
0	2413	1.007065E+03	4	6	
0	2431	1.011284E+03	4	6	
0	2437	1.013816E+03	4	6	
0	2442	1.018372E+03	4	6	
0	2449	1.025477E+03	4	6	
0	2451	1.025966E+03	4	6	
0	2455	1.026729E+03	4	6	
0	2457	1.028416E+03	4	6	
0	2463	1.030563E+03	4	6	
0	2466	1.032453E+03	4	6	
0	2469	1.035031E+03	4	6	
0	2471	1.036727E+03	4	6	
0	2473	1.037436E+03	4	6	
0	2478	1.041116E+03	4	6	
0	2482	1.043929E+03	4	6	
0	2484	1.044702E+03	4	6	
0	2487	1.045605E+03	4	6	
0	2491	1.046992E+03	4	6	
0	2499	1.051891E+03	4	6	
0	2504	1.052956E+03	4	6	
0	2507	1.054559E+03	4	6	
0	2512	1.056658E+03	4	6	
0	2514	1.056725E+03	4	6	
0	2516	1.057074E+03	4	6	
0	2518	1.060192E+03	4	6	
0	2520	1.060627E+03	4	6	
0	2532	1.063392E+03	4	6	
0	2537	1.066369E+03	4	6	
0	2559	1.074687E+03	4	6	
0	2576	1.081737E+03	4	6	
0	2586	1.086306E+03	4	6	
0	2588	1.087143E+03	4	6	
0	2607	1.095670E+03	4	6	
0	2611	1.096748E+03	4	6	
0	2616	1.097859E+03	4	6	
0	2619	1.098361E+03	4	6	
0	2621	1.098560E+03	4	6	
0	2623	1.099218E+03	4	6	
0	2628	1.100986E+03	4	6	
0	2643	1.105805E+03	4	6	
0	2647	1.106976E+03	4	6	
0	2650	1.108307E+03	4	6	
0	2652	1.109110E+03	4	6	
0	2655	1.109529E+03	4	6	
0	2659	1.110640E+03	4	6	
0	2664	1.113005E+03	4	6	
0	2666	1.113946E+03	4	6	
0	2678	1.120563E+03	4	6	
0	2680	1.120965E+03	4	6	
0	2682	1.122346E+03	4	6	
0	2686	1.123164E+03	4	6	
0	2688	1.126171E+03	4	6	
0	2691	1.127292E+03	4	6	
0	2695	1.131079E+03	4	6	
0	2697	1.131429E+03	4	6	
0	2701	1.132510E+03	4	6	
0	2704	1.133587E+03	4	6	
0	2706	1.133875E+03	4	6	
0	2709	1.134282E+03	4	6	
0	2711	1.134801E+03	4	6	
0	2713	1.135235E+03	4	6	
0	2721	1.136931E+03	4	6	
0	2724	1.138992E+03	4	6	
0	2726	1.139284E+03	4	6	
0	2729	1.141060E+03	4	6	
0	2732	1.143091E+03	4	6	
0	2737	1.146455E+03	4	6	
0	2745	1.148448E+03	4	6	
0	2755	1.150772E+03	4	6	
0	2757	1.151721E+03	4	6	
0	2766	1.156086E+03	4	6	
0	2768	1.156891E+03	4	6	
0	2770	1.158727E+03	4	6	
0	2772	1.158814E+03	4	6	
0	2774	1.159882E+03	4	6	
0	2777	1.160830E+03	4	6	
0	2779	1.162980E+03	4	6	
0	2783	1.164300E+03	4	6	
0	2786	1.165676E+03	4	6	
0	2788	1.166522E+03	4	6	
0	2795	1.167985E+03	4	6	
0	2798	1.170074E+03	4	6	
0	2800	1.170242E+03	4	6	
0	2808	1.174007E+03	4	6	
0	2812	1.175974E+03	4	6	
0	2815	1.177444E+03	4	6	
0	2817	1.178403E+03	4	6	
0	2819	1.179179E+03	4	6	
0	2821	1.180357E+03	4	6	
0	2825	1.181335E+03	4	6	
0	2827	1.181731E+03	4	6	
0	2837	1.184503E+03	4	6	
0	2841	1.187063E+03	4	6	
0	2843	1.187194E+03	4	6	
0	2854	1.192370E+03	4	6	
0	2858	1.193350E+03	4	6	
0	2864	1.195806E+03	4	6	
0	2866	1.195997E+03	4	6	
0	2880	1.199818E+03	4	6	
0	2885	1.202957E+03	4	6	
0	2889	1.203999E+03	4	6	
0	2892	1.204129E+03	4	6	
0	2896	1.206284E+03	4	6	
0	2904	1.208928E+03	4	6	
0	2907	1.210204E+03	4	6	
0	2909	1.210960E+03	4	6	
0	2912	1.212339E+03	4	6	
0	2914	1.214122E+03	4	6	
0	2918	1.215191E+03	4	6	
0	2920	1.215220E+03	4	6	
0	2922	1.215353E+03	4	6	
0	2924	1.215536E+03	4	6	
0	2926	1.215824E+03	4	6	
0	2930	1.217649E+03	4	6	
0	2932	1.217842E+03	4	6	
0	2935	1.219388E+03	4	6	
0	2939	1.220862E+03	4	6	
0	2941	1.221613E+03	4	6	
0	2950	1.224570E+03	4	6	
0	2952	1.225349E+03	4	6	
0	2955	1.226503E+03	4	6	
0	2966	1.231085E+03	4	6	
0	2973	1.232594E+03	4	6	
0	2986	1.238174E+03	4	6	
0	2992	1.239888E+03	4	6	
0	2997	1.240604E+03	4	6	
0	3007	1.243576E+03	4	6	
0	3013	1.245535E+03	4	6	
0	3019	1.247249E+03	4	6	
0	3031	1.251132E+03	4	6	
0	3033	1.252361E+03	4	6	
0	3040	1.256671E+03	4	6	
0	3042	1.257132E+03	4	6	
0	3052	1.261393E+03	4	6	
0	3054	1.261568E+03	4	6	
0	3060	1.263709E+03	4	6	
0	3062	1.265254E+03	4	6	
0	3065	1.266733E+03	4	6	
0	3069	1.268080E+03	4	6	
0	3071	1.268571E+03	4	6	
0	3076	1.270647E+03	4	6	
0	3079	1.271724E+03	4	6	
0	3084	1.273850E+03	4	6	
0	3086	1.274649E+03	4	6	
0	3088	1.275162E+03	4	6	
0	3097	1.279243E+03	4	6	
0	3107	1.286195E+03	4	6	
0	3109	1.286341E+03	4	6	
0	3111	1.287200E+03	4	6	
0	3114	1.289051E+03	4	6	
0	3118	1.289525E+03	4	6	
0	3120	1.290609E+03	4	6	
0	3122	1.290732E+03	4	6	
0	3125	1.291403E+03	4	6	
0	3128	1.291597E+03	4	6	
0	3130	1.291888E+03	4	6	
0	3135	1.292819E+03	4	6	
0	3137	1.293369E+03	4	6	
0	3139	1.294239E+03	4	6	
0	3144	1.297313E+03	4	6	
0	3146	1.297980E+03	4	6	
0	3157	1.301502E+03	4	6	
0	3159	1.302337E+03	4	6	
0	3165	1.305045E+03	4	6	
0	3169	1.306586E+03	4	6	
0	3171	1.307034E+03	4	6	
0	3173	1.307385E+03	4	6	
0	3181	1.311600E+03	4	6	
0	3192	1.316695E+03	4	6	
0	3199	1.319787E+03	4	6	
0	3202	1.320577E+03	4	6	
0	3204	1.321388E+03	4	6	
0	3206	1.321696E+03	4	6	
0	3210	1.323540E+03	4	6	
0	3221	1.325264E+03	4	6	
0	3224	1.326148E+03	4	6	
0	3227	1.327318E+03	4	6	
0	3229	1.327507E+03	4	6	
0	3235	1.329837E+03	4	6	
0	3245	1.334806E+03	4	6	
0	3247	1.335080E+03	4	6	
0	3250	1.335247E+03	4	6	
0	3254	1.336866E+03	4	6	
0	3256	1.337924E+03	4	6	
0	3258	1.339045E+03	4	6	
0	3261	1.339628E+03	4	6	
0	3263	1.340709E+03	4	6	
0	3266	1.341491E+03	4	6	
0	3270	1.342135E+03	4	6	
0	3278	1.346012E+03	4	6	
0	3280	1.347416E+03	4	6	
0	3286	1.349202E+03	4	6	
0	3289	1.351199E+03	4	6	
0	3292	1.352426E+03	4	6	
0	3304	1.355287E+03	4	6	
0	3306	1.356288E+03	4	6	
0	3316	1.360071E+03	4	6	
0	3318	1.360444E+03	4	6	
0	3324	1.361956E+03	4	6	
0	3326	1.365053E+03	4	6	
0	3334	1.367930E+03	4	6	
0	3340	1.372557E+03	4	6	
0	3344	1.376910E+03	4	6	
0	3347	1.378574E+03	4	6	
0	3349	1.379242E+03	4	6	
0	3352	1.381466E+03	4	6	
0	3358	1.384316E+03	4	6	
0	3362	1.386567E+03	4	6	
0	3370	1.391466E+03	4	6	
0	3372	1.392077E+03	4	6	
0	3375	1.393732E+03	4	6	
0	3386	1.398996E+03	4	6	
0	3393	1.402426E+03	4	6	
0	3396	1.403016E+03	4	6	
0	3398	1.404154E+03	4	6	
0	3400	1.404862E+03	4	6	
0	3404	1.405949E+03	4	6	
0	3406	1.406385E+03	4	6	
0	3419	1.411763E+03	4	6	
0	3421	1.412466E+03	4	6	
0	3426	1.414989E+03	4	6	
0	3432	1.417547E+03	4	6	
0	3440	1.420206E+03	4	6	
0	3444	1.422274E+03	4	6	
0	3449	1.424010E+03	4	6	
0	3470	1.430715E+03	4	6	
0	3472	1.432436E+03	4	6	
0	3475	1.433559E+03	4	6	
0	3477	1.433942E+03	4	6	
0	3479	1.434586E+03	4	6	
0	3481	1.435066E+03	4	6	
0	3484	1.438298E+03	4	6	
0	3488	1.438963E+03	4	6	
0	3494	1.440942E+03	4	6	
0	3496	1.441413E+03	4	6	
0	3499	1.442575E+03	4	6	
0	3502	1.443047E+03	4	6	
0	3505	1.444340E+03	4	6	
0	3509	1.445365E+03	4	6	
0	3513	1.449389E+03	4	6	
0	3517	1.450966E+03	4	6	
0	3524	1.453440E+03	4	6	
0	3526	1.454556E+03	4	6	
0	3528	1.455168E+03	4	6	
0	3535	1.459750E+03	4	6	
0	3537	1.460068E+03	4	6	
0	3542	1.463371E+03	4	6	
0	3544	1.465080E+03	4	6	
0	3546	1.467189E+03	4	6	
0	3549	1.467930E+03	4	6	
0	3555	1.469715E+03	4	6	
0	3560	1.471299E+03	4	6	
0	3564	1.472112E+03	4	6	
0	3573	1.474198E+03	4	6	
0	3580	1.476703E+03	4	6	
0	3584	1.479083E+03	4	6	
0	3588	1.481063E+03	4	6	
0	3592	1.483355E+03	4	6	
0	3594	1.484932E+03	4	6	
0	3597	1.486414E+03	4	6	
0	3599	1.487104E+03	4	6	
0	3603	1.488858E+03	4	6	
0	3605	1.489388E+03	4	6	
0	3607	1.489824E+03	4	6	
0	3610	1.490485E+03	4	6	
0	3612	1.492529E+03	4	6	
0	3623	1.497621E+03	4	6	
0	3630	1.498567E+03	4	6	
0	3636	1.499885E+03	4	6	
0	3640	1.500568E+03	4	6	
0	3642	1.502367E+03	4	6	
0	3644	1.502447E+03	4	6	
0	3651	1.505700E+03	4	6	
0	3655	1.506305E+03	4	6	
0	3660	1.508007E+03	4	6	
0	3667	1.510718E+03	4	6	
0	3669	1.512136E+03	4	6	
0	3674	1.512960E+03	4	6	
0	3690	1.521007E+03	4	6	
0	3698	1.521947E+03	4	6	
0	3700	1.522943E+03	4	6	
0	3707	1.523915E+03	4	6	
0	3709	1.524351E+03	4	6	
0	3713	1.525413E+03	4	6	
0	3719	1.526043E+03	4	6	
0	3721	1.526962E+03	4	6	
0	3726	1.529044E+03	4	6	
0	3734	1.532338E+03	4	6	
0	3747	1.537247E+03	4	6	
0	3749	1.538091E+03	4	6	
0	3751	1.538270E+03	4	6	
0	3755	1.540198E+03	4	6	
0	3757	1.540692E+03	4	6	
0	3760	1.541316E+03	4	6	
0	3764	1.544425E+03	4	6	
0	3771	1.546372E+03	4	6	
0	3779	1.548472E+03	4	6	
0	3781	1.550649E+03	4	6	
0	3784	1.551649E+03	4	6	
0	3797	1.556693E+03	4	6	
0	3806	1.559186E+03	4	6	
0	3811	1.563306E+03	4	6	
0	3820	1.565955E+03	4	6	
0	3828	1.568238E+03	4	6	
0	3836	1.571445E+03	4	6	
0	3841	1.573539E+03	4	6	
0	3843	1.574099E+03	4	6	
0	3845	1.574401E+03	4	6	
0	3849	1.574751E+03	4	6	
0	3857	1.577636E+03	4	6	
0	3859	1.579449E+03	4	6	
0	3862	1.580962E+03	4	6	
0	3864	1.581281E+03	4	6	
0	3867	1.582001E+03	4	6	
0	3872	1.583111E+03	4	6	
0	3875	1.584059E+03	4	6	
0	3878	1.585604E+03	4	6	
0	3880	1.586738E+03	4	6	
0	3883	1.588187E+03	4	6	
0	3885	1.588684E+03	4	6	
0	3887	1.588905E+03	4	6	
0	3895	1.593057E+03	4	6	
0	3897	1.593503E+03	4	6	
0	3899	1.594894E+03	4	6	
0	3901	1.595619E+03	4	6	
0	3904	1.596343E+03	4	6	
0	3911	1.597386E+03	4	6	
0	3915	1.598453E+03	4	6	
0	3917	1.599216E+03	4	6	
0	3919	1.599497E+03	4	6	
0	3923	1.600220E+03	4	6	
0	3925	1.600461E+03	4	6	
0	3928	1.603346E+03	4	6	
0	3930	1.603442E+03	4	6	
0	3937	1.607088E+03	4	6	
0	3939	1.608165E+03	4	6	
0	3942	1.609198E+03	4	6	
0	3948	1.611741E+03	4	6	
0	3955	1.615056E+03	4	6	
0	3958	1.616042E+03	4	6	
0	3969	1.620219E+03	4	6	
0	3972	1.622479E+03	4	6	
0	3974	1.622711E+03	4	6	
0	3978	1.624941E+03	4	6	
0	3980	1.625769E+03	4	6	
0	3983	1.626725E+03	4	6	
0	3989	1.628979E+03	4	6	
0	3995	1.631510E+03	4	6	
0	3997	1.632627E+03	4	6	
0	3999	1.633632E+03	4	6	
0	4005	1.636068E+03	4	6	
0	4007	1.636388E+03	4	6	
0	4013	1.639046E+03	4	6	
0	4020	1.643287E+03	4	6	
0	4027	1.645612E+03	4	6	
0	4030	1.646538E+03	4	6	
0	4032	1.648809E+03	4	6	
0	4042	1.652540E+03	4	6	
0	4054	1.657642E+03	4	6	
0	4058	1.658415E+03	4	6	
0	4061	1.663921E+03	4	6	
0	4063	1.664547E+03	4	6	
0	4068	1.667361E+03	4	6	
0	4070	1.667857E+03	4	6	
0	4073	1.668296E+03	4	6	
0	4081	1.671441E+03	4	6	
0	4084	1.672081E+03	4	6	
0	4088	1.674845E+03	4	6	
0	4092	1.675580E+03	4	6	
0	4095	1.677609E+03	4	6	
0	4101	1.679591E+03	4	6	
0	4105	1.680706E+03	4	6	
0	4107	1.681747E+03	4	6	
0	4110	1.682603E+03	4	6	
0	4112	1.682840E+03	4	6	
0	4116	1.685799E+03	4	6	
0	4119	1.687244E+03	4	6	
0	4125	1.688667E+03	4	6	
0	4129	1.692324E+03	4	6	
0	4133	1.693019E+03	4	6	
0	4137	1.694673E+03	4	6	
0	4145	1.699482E+03	4	6	
0	4147	1.700302E+03	4	6	
0	4160	1.706589E+03	4	6	
0	4169	1.709740E+03	4	6	
0	4171	1.710233E+03	4	6	
0	4176	1.711778E+03	4	6	
0	4181	1.713711E+03	4	6	
0	4183	1.715151E+03	4	6	
0	4185	1.716087E+03	4	6	
0	4187	1.716255E+03	4	6	
0	4189	1.718173E+03	4	6	
0	4191	1.718562E+03	4	6	
0	4193	1.719426E+03	4	6	
0	4195	1.719996E+03	4	6	
0	4197	1.720362E+03	4	6	
0	4202	1.721320E+03	4	6	
0	4207	1.726420E+03	4	6	
0	4210	1.727014E+03	4	6	
0	4212	1.727348E+03	4	6	
0	4215	1.729713E+03	4	6	
0	4225	1.733036E+03	4	6	
0	4234	1.735765E+03	4	6	
0	4236	1.736401E+03	4	6	
0	4238	1.737062E+03	4	6	
0	4241	1.737681E+03	4	6	
0	4243	1.738769E+03	4	6	
0	4247	1.739278E+03	4	6	
0	4249	1.740189E+03	4	6	
0	4254	1.742853E+03	4	6	
0	4256	1.743790E+03	4	6	
0	4258	1.744541E+03	4	6	
0	4260	1.745265E+03	4	6	
0	4266	1.747296E+03	4	6	
0	4275	1.749910E+03	4	6	
0	4280	1.751631E+03	4	6	
0	4282	1.751992E+03	4	6	
0	4291	1.754661E+03	4	6	
0	4293	1.755949E+03	4	6	
0	4295	1.757697E+03	4	6	
0	4300	1.760259E+03	4	6	
0	4303	1.760749E+03	4	6	
0	4305	1.761266E+03	4	6	
0	4307	1.762363E+03	4	6	
0	4309	1.765488E+03	4	6	
0	4319	1.770032E+03	4	6	
0	4321	1.770893E+03	4	6	
0	4327	1.772433E+03	4	6	
0	4349	1.784190E+03	4	6	
0	4355	1.786781E+03	4	6	
0	4358	1.787419E+03	4	6	
0	4362	1.788461E+03	4	6	
0	4371	1.792164E+03	4	6	
0	4373	1.793020E+03	4	6	
0	4383	1.797764E+03	4	6	
0	4385	1.798565E+03	4	6	
0	4390	1.802885E+03	4	6	
0	4394	1.804283E+03	4	6	
0	4404	1.808479E+03	4	6	
0	4406	1.808986E+03	4	6	
0	4408	1.810282E+03	4	6	
0	4412	1.811614E+03	4	6	
0	4415	1.813006E+03	4	6	
0	4419	1.814517E+03	4	6	
0	4421	1.815380E+03	4	6	
0	4423	1.817573E+03	4	6	
0	4431	1.819910E+03	4	6	
0	4448	1.827578E+03	4	6	
0	4450	1.827991E+03	4	6	
0	4452	1.828763E+03	4	6	
0	4454	1.829080E+03	4	6	
0	4458	1.829433E+03	4	6	
0	4464	1.832138E+03	4	6	
0	4472	1.835582E+03	4	6	
0	4474	1.837250E+03	4	6	
0	4479	1.839852E+03	4	6	
0	4482	1.841536E+03	4	6	
0	4488	1.846974E+03	4	6	
0	4494	1.849473E+03	4	6	
0	4502	1.854086E+03	4	6	
0	4507	1.856325E+03	4	6	
0	4509	1.857348E+03	4	6	
0	4511	1.858260E+03	4	6	
0	4513	1.859084E+03	4	6	
0	4517	1.859765E+03	4	6	
0	4519	1.860198E+03	4	6	
0	4521	1.860454E+03	4	6	
0	4523	1.861499E+03	4	6	
0	4527	1.863228E+03	4	6	
0	4529	1.863304E+03	4	6	
0	4532	1.865732E+03	4	6	
0	4535	1.866452E+03	4	6	
0	4541	1.869806E+03	4	6	
0	4543	1.870111E+03	4	6	
0	4550	1.873577E+03	4	6	
0	4553	1.875519E+03	4	6	
0	4556	1.877183E+03	4	6	
0	4562	1.880072E+03	4	6	
0	4569	1.886277E+03	4	6	
0	4571	1.886901E+03	4	6	
0	4577	1.888966E+03	4	6	
0	4579	1.889377E+03	4	6	
0	4581	1.890279E+03	4	6	
0	4589	1.895196E+03	4	6	
0	4591	1.896382E+03	4	6	
0	4595	1.896982E+03	4	6	
0	4597	1.898951E+03	4	6	
0	4599	1.899373E+03	4	6	
0	4601	1.900798E+03	4	6	
0	4603	1.901066E+03	4	6	
0	4605	1.901719E+03	4	6	
0	4607	1.902662E+03	4	6	
0	4611	1.903515E+03	4	6	
0	4617	1.907143E+03	4	6	
0	4625	1.910405E+03	4	6	
0	4627	1.911404E+03	4	6	
0	4631	1.912896E+03	4	6	
0	4634	1.914957E+03	4	6	
0	4640	1.917460E+03	4	6	
0	4651	1.922104E+03	4	6	
0	4653	1.923771E+03	4	6	
0	4655	1.923878E+03	4	6	
0	4663	1.928274E+03	4	6	
0	4665	1.929122E+03	4	6	
0	4667	1.930968E+03	4	6	
0	4675	1.934009E+03	4	6	
0	4680	1.936068E+03	4	6	
0	4682	1.936795E+03	4	6	
0	4687	1.938669E+03	4	6	
0	4689	1.940633E+03	4	6	
0	4695	1.942835E+03	4	6	
0	4697	1.943271E+03	4	6	
0	4701	1.944283E+03	4	6	
0	4703	1.945405E+03	4	6	
0	4706	1.948210E+03	4	6	
0	4708	1.948838E+03	4	6	
0	4718	1.950763E+03	4	6	
0	4722	1.953378E+03	4	6	
0	4728	1.954185E+03	4	6	
0	4733	1.954800E+03	4	6	
0	4738	1.956115E+03	4	6	
0	4740	1.956951E+03	4	6	
0	4750	1.960122E+03	4	6	
0	4753	1.960990E+03	4	6	
0	4760	1.964743E+03	4	6	
0	4762	1.965266E+03	4	6	
0	4765	1.966876E+03	4	6	
0	4771	1.969123E+03	4	6	
0	4777	1.969842E+03	4	6	
0	4781	1.971350E+03	4	6	
0	4783	1.971797E+03	4	6	
0	4791	1.975598E+03	4	6	
0	4799	1.978788E+03	4	6	
0	4801	1.979167E+03	4	6	
0	4803	1.980235E+03	4	6	
0	4807	1.981312E+03	4	6	
0	4816	1.983921E+03	4	6	
0	4818	1.985869E+03	4	6	
0	4837	1.993373E+03	4	6	
0	4840	1.993770E+03	4	6	
0	4842	1.996294E+03	4	6	
0	4844	1.998266E+03	4	6	
0	4847	1.999539E+03	4	6	
0	4852	2.002558E+03	4	6	
0	4854	2.002681E+03	4	6	
0	4860	2.003744E+03	4	6	
0	4875	2.010039E+03	4	6	
0	4877	2.010426E+03	4	6	
0	4882	2.011533E+03	4	6	
0	4886	2.014911E+03	4	6	
0	4890	2.017337E+03	4	6	
0	4892	2.017897E+03	4	6	
0	4907	2.022568E+03	4	6	
0	4914	2.026385E+03	4	6	
0	4918	2.027196E+03	4	6	
0	4923	2.030020E+03	4	6	
0	4926	2.032322E+03	4	6	
0	4928	2.032851E+03	4	6	
0	4940	2.036101E+03	4	6	
0	4942	2.036470E+03	4	6	
0	4945	2.037775E+03	4	6	
0	4958	2.045177E+03	4	6	
0	4961	2.045774E+03	4	6	
0	4969	2.050995E+03	4	6	
0	4971	2.052135E+03	4	6	
0	4975	2.054450E+03	4	6	
0	4977	2.055709E+03	4	6	
0	4980	2.056162E+03	4	6	
0	4990	2.058923E+03	4	6	
0	4993	2.059374E+03	4	6	
0	4997	2.063038E+03	4	6	
0	5002	2.063770E+03	4	6	
0	5004	2.064298E+03	4	6	
0	5012	2.066008E+03	4	6	
0	5014	2.066744E+03	4	6	
0	5020	2.067947E+03	4	6	
0	5028	2.071908E+03	4	6	
0	5030	2.072461E+03	4	6	
0	5033	2.073893E+03	4	6	
0	5036	2.074409E+03	4	6	
0	5042	2.076429E+03	4	6	
0	5044	2.076681E+03	4	6	
0	5049	2.078263E+03	4	6	
0	5063	2.085488E+03	4	6	
0	5066	2.086158E+03	4	6	
0	5069	2.086851E+03	4	6	
0	5071	2.086987E+03	4	6	
0	5073	2.087477E+03	4	6	
0	5080	2.089290E+03	4	6	
0	5083	2.090437E+03	4	6	
0	5087	2.092932E+03	4	6	
0	5092	2.094838E+03	4	6	
0	5097	2.097791E+03	4	6	
0	5102	2.099939E+03	4	6	
0	5104	2.100624E+03	4	6	
0	5106	2.102372E+03	4	6	
0	5108	2.102881E+03	4	6	
0	5112	2.105215E+03	4	6	
0	5115	2.106297E+03	4	6	
0	5119	2.109498E+03	4	6	
0	5121	2.110012E+03	4	6	
0	5123	2.110502E+03	4	6	
0	5130	2.113986E+03	4	6	
0	5134	2.117443E+03	4	6	
0	5136	2.118209E+03	4	6	
0	5138	2.118813E+03	4	6	
0	5146	2.122905E+03	4	6	
0	5148	2.124602E+03	4	6	
0	5150	2.124915E+03	4	6	
0	5153	2.125455E+03	4	6	
0	5158	2.128475E+03	4	6	
0	5160	2.130427E+03	4	6	
0	5164	2.130969E+03	4	6	
0	5168	2.132451E+03	4	6	
0	5178	2.136729E+03	4	6	
0	5181	2.137882E+03	4	6	
0	5185	2.139856E+03	4	6	
0	5189	2.141520E+03	4	6	
0	5191	2.142534E+03	4	6	
0	5200	2.145775E+03	4	6	
0	5207	2.147094E+03	4	6	
0	5210	2.147847E+03	4	6	
0	5212	2.148996E+03	4	6	
0	5218	2.151221E+03	4	6	
0	5222	2.152710E+03	4	6	
0	5227	2.154579E+03	4	6	
0	5232	2.155849E+03	4	6	
0	5238	2.158554E+03	4	6	
0	5240	2.159938E+03	4	6	
0	5243	2.162135E+03	4	6	
0	5247	2.164740E+03	4	6	
0	5249	2.165985E+03	4	6	
0	5253	2.166462E+03	4	6	
0	5257	2.166920E+03	4	6	
0	5262	2.169301E+03	4	6	
0	5269	2.173856E+03	4	6	
0	5272	2.174271E+03	4	6	
0	5278	2.177896E+03	4	6	
0	5282	2.179986E+03	4	6	
0	5286	2.180934E+03	4	6	
0	5288	2.181740E+03	4	6	
0	5290	2.182037E+03	4	6	
0	5292	2.183254E+03	4	6	
0	5294	2.184839E+03	4	6	
0	5296	2.185804E+03	4	6	
0	5299	2.186923E+03	4	6	
0	5303	2.188956E+03	4	6	
0	5313	2.192860E+03	4	6	
0	5316	2.194703E+03	4	6	
0	5318	2.194848E+03	4	6	
0	5320	2.195413E+03	4	6	
0	5322	2.195521E+03	4	6	
0	5328	2.199144E+03	4	6	
0	5338	2.201339E+03	4	6	
0	5344	2.205251E+03	4	6	
0	5355	2.208458E+03	4	6	
0	5359	2.209059E+03	4	6	
0	5363	2.211894E+03	4	6	
0	5366	2.213111E+03	4	6	
0	5368	2.213255E+03	4	6	
0	5371	2.214682E+03	4	6	
0	5374	2.216182E+03	4	6	
0	5377	2.217005E+03	4	6	
0	5383	2.219409E+03	4	6	
0	5388	2.224197E+03	4	6	
0	5400	2.228733E+03	4	6	
0	5406	2.231651E+03	4	6	
0	5408	2.232383E+03	4	6	
0	5415	2.236520E+03	4	6	
0	5418	2.238262E+03	4	6	
0	5420	2.238645E+03	4	6	
0	5422	2.239791E+03	4	6	
0	5424	2.242145E+03	4	6	
0	5426	2.242294E+03	4	6	
0	5428	2.242747E+03	4	6	
0	5431	2.243097E+03	4	6	
0	5433	2.244431E+03	4	6	
0	5435	2.245731E+03	4	6	
0	5439	2.246887E+03	4	6	
0	5441	2.247408E+03	4	6	
0	5453	2.251982E+03	4	6	
0	5459	2.253980E+03	4	6	
0	5461	2.254702E+03	4	6	
0	5463	2.255284E+03	4	6	
0	5465	2.256323E+03	4	6	
0	5467	2.257817E+03	4	6	
0	5472	2.261106E+03	4	6	
0	5474	2.261935E+03	4	6	
0	5483	2.265713E+03	4	6	
0	5487	2.267577E+03	4	6	
0	5489	2.268074E+03	4	6	
0	5491	2.268825E+03	4	6	
0	5494	2.269573E+03	4	6	
0	5497	2.270559E+03	4	6	
0	5504	2.274309E+03	4	6	
0	5506	2.274556E+03	4	6	
0	5511	2.275241E+03	4	6	
0	5513	2.275747E+03	4	6	
0	5515	2.276642E+03	4	6	
0	5527	2.280615E+03	4	6	
0	5531	2.282076E+03	4	6	
0	5537	2.284449E+03	4	6	
0	5539	2.284772E+03	4	6	
0	5543	2.286559E+03	4	6	
0	5546	2.287305E+03	4	6	
0	5551	2.288933E+03	4	6	
0	5559	2.293814E+03	4	6	
0	5573	2.298923E+03	4	6	
0	5576	2.299239E+03	4	6	
0	5582	2.301535E+03	4	6	
0	5588	2.304150E+03	4	6	
0	5597	2.306783E+03	4	6	
0	5602	2.309171E+03	4	6	
0	5607	2.310853E+03	4	6	
0	5616	2.314494E+03	4	6	
0	5624	2.317978E+03	4	6	
0	5630	2.319842E+03	4	6	
0	5633	2.320634E+03	4	6	
0	5635	2.321207E+03	4	6	
0	5637	2.321990E+03	4	6	
0	5647	2.324358E+03	4	6	
0	5649	2.325163E+03	4	6	
0	5654	2.326749E+03	4	6	
0	5656	2.327163E+03	4	6	
0	5658	2.328184E+03	4	6	
0	5672	2.333840E+03	4	6	
0	5685	2.339400E+03	4	6	
0	5687	2.339737E+03	4	6	
0	5693	2.340730E+03	4	6	
0	5696	2.341525E+03	4	6	
0	5706	2.345721E+03	4	6	
0	5709	2.348204E+03	4	6	
0	5711	2.348632E+03	4	6	
0	5713	2.349268E+03	4	6	
0	5715	2.350850E+03	4	6	
0	5722	2.353832E+03	4	6	
0	5724	2.354993E+03	4	6	
0	5734	2.357203E+03	4	6	
0	5747	2.360015E+03	4	6	
0	5750	2.361772E+03	4	6	
0	5754	2.363213E+03	4	6	
0	5758	2.364562E+03	4	6	
0	5764	2.367971E+03	4	6	
0	5769	2.371148E+03	4	6	
0	5771	2.371815E+03	4	6	
0	5773	2.372382E+03	4	6	
0	5775	2.372846E+03	4	6	
0	5782	2.375126E+03	4	6	
0	5784	2.375194E+03	4	6	
0	5789	2.377286E+03	4	6	
0	5792	2.381229E+03	4	6	
0	5794	2.382793E+03	4	6	
0	5797	2.384286E+03	4	6	
0	5800	2.385858E+03	4	6	
0	5803	2.386691E+03	4	6	
0	5805	2.387320E+03	4	6	
0	5812	2.390148E+03	4	6	
0	5816	2.390932E+03	4	6	
0	5818	2.391588E+03	4	6	
0	5824	2.393025E+03	4	6	
0	5828	2.396295E+03	4	6	
0	5830	2.397462E+03	4	6	
0	5834	2.398323E+03	4	6	
0	5836	2.399791E+03	4	6	
0	5844	2.402576E+03	4	6	
0	5846	2.402744E+03	4	6	
0	5852	2.408097E+03	4	6	
0	5856	2.411648E+03	4	6	
0	5859	2.413164E+03	4	6	
0	5862	2.414482E+03	4	6	
0	5869	2.420298E+03	4	6	
0	5871	2.420981E+03	4	6	
0	5878	2.423958E+03	4	6	
0	5886	2.427620E+03	4	6	
0	5895	2.428956E+03	4	6	
0	5897	2.430300E+03	4	6	
0	5899	2.430815E+03	4	6	
0	5902	2.431290E+03	4	6	
0	5914	2.434372E+03	4	6	
0	5916	2.434829E+03	4	6	
0	5924	2.436477E+03	4	6	
0	5930	2.439978E+03	4	6	
0	5932	2.440626E+03	4	6	
0	5934	2.440716E+03	4	6	
0	5936	2.441458E+03	4	6	
0	5941	2.442902E+03	4	6	
0	5943	2.443727E+03	4	6	
0	5945	2.443806E+03	4	6	
0	5952	2.446126E+03	4	6	
0	5954	2.446493E+03	4	6	
0	5957	2.446981E+03	4	6	
0	5959	2.447409E+03	4	6	
0	5961	2.447769E+03	4	6	
0	5963	2.450104E+03	4	6	
0	5965	2.452764E+03	4	6	
0	5968	2.454627E+03	4	6	
0	5973	2.457420E+03	4	6	
0	5977	2.461136E+03	4	6	
0	5980	2.462609E+03	4	6	
0	5988	2.464521E+03	4	6	
0	5990	2.465152E+03	4	6	
0	5997	2.467680E+03	4	6	
0	6001	2.468760E+03	4	6	
0	6006	2.470819E+03	4	6	
0	6024	2.476928E+03	4	6	
0	6027	2.477377E+03	4	6	
0	6031	2.479043E+03	4	6	
0	6033	2.479313E+03	4	6	
0	6035	2.480275E+03	4	6	
0	6039	2.482229E+03	4	6	
0	6042	2.482433E+03	4	6	
0	6045	2.484356E+03	4	6	
0	6048	2.485064E+03	4	6	
0	6052	2.485768E+03	4	6	
0	6056	2.486684E+03	4	6	
0	6066	2.490171E+03	4	6	
0	6072	2.492776E+03	4	6	
0	6074	2.493043E+03	4	6	
0	6080	2.495670E+03	4	6	
0	6082	2.499332E+03	4	6	
0	6088	2.501724E+03	4	6	
0	6092	2.502728E+03	4	6	
0	6094	2.502827E+03	4	6	
0	6097	2.504182E+03	4	6	
0	6099	2.504494E+03	4	6	
0	6101	2.505302E+03	4	6	
0	6104	2.506206E+03	4	6	
0	6107	2.508449E+03	4	6	
0	6116	2.514168E+03	4	6	
0	6120	2.515932E+03	4	6	
0	6125	2.518146E+03	4	6	
0	6131	2.519851E+03	4	6	
0	6136	2.522265E+03	4	6	
0	6142	2.524930E+03	4	6	
0	6145	2.528155E+03	4	6	
0	6147	2.528300E+03	4	6	
0	6150	2.528926E+03	4	6	
0	6152	2.529204E+03	4	6	
0	6162	2.532357E+03	4	6	
0	6165	2.534849E+03	4	6	
0	6170	2.536697E+03	4	6	
0	6175	2.538598E+03	4	6	
0	6177	2.539392E+03	4	6	
0	6179	2.540717E+03	4	6	
0	6185	2.542316E+03	4	6	
0	6188	2.544106E+03	4	6	
0	6198	2.546925E+03	4	6	
0	6201	2.548343E+03	4	6	
0	6206	2.550623E+03	4	6	
0	6210	2.551056E+03	4	6	
0	6214	2.552701E+03	4	6	
0	6217	2.553945E+03	4	6	
0	6221	2.555003E+03	4	6	
0	6223	2.555444E+03	4	6	
0	6235	2.560729E+03	4	6	
0	6238	2.562417E+03	4	6	
0	6241	2.563686E+03	4	6	
0	6252	2.568227E+03	4	6	
0	6263	2.571822E+03	4	6	
0	6265	2.572299E+03	4	6	
0	6272	2.574453E+03	4	6	
0	6274	2.575212E+03	4	6	
0	6283	2.578861E+03	4	6	
0	6290	2.580327E+03	4	6	
0	6296	2.585043E+03	4	6	
0	6298	2.585415E+03	4	6	
0	6312	2.594736E+03	4	6	
0	6314	2.595988E+03	4	6	
0	6317	2.597184E+03	4	6	
0	6321	2.598613E+03	4	6	
0	6323	2.598962E+03	4	6	
0	6325	2.600113E+03	4	6	
0	6327	2.600792E+03	4	6	
0	6333	2.602765E+03	4	6	
0	6335	2.604504E+03	4	6	
0	6343	2.608189E+03	4	6	
0	6346	2.609844E+03	4	6	
0	6348	2.610947E+03	4	6	
0	6354	2.612933E+03	4	6	
0	6356	2.613859E+03	4	6	
0	6360	2.614797E+03	4	6	
0	6362	2.615029E+03	4	6	
0	6367	2.617745E+03	4	6	
0	6372	2.618874E+03	4	6	
0	6374	2.620270E+03	4	6	
0	6382	2.624473E+03	4	6	
0	6384	2.625102E+03	4	6	
0	6391	2.628573E+03	4	6	
0	6395	2.629856E+03	4	6	
0	6399	2.630730E+03	4	6	
0	6411	2.634882E+03	4	6	
0	6413	2.636169E+03	4	6	
0	6425	2.644813E+03	4	6	
0	6428	2.646237E+03	4	6	
0	6431	2.648510E+03	4	6	
0	6434	2.649067E+03	4	6	
0	6439	2.649949E+03	4	6	
0	6443	2.651280E+03	4	6	
0	6446	2.651793E+03	4	6	
0	6448	2.652592E+03	4	6	
0	6454	2.655593E+03	4	6	
0	6461	2.657140E+03	4	6	
0	6465	2.658198E+03	4	6	
0	6469	2.659925E+03	4	6	
0	6481	2.667864E+03	4	6	
0	6490	2.672197E+03	4	6	
0	6498	2.676699E+03	4	6	
0	6502	2.676990E+03	4	6	
0	6507	2.679067E+03	4	6	
0	6509	2.681323E+03	4	6	
0	6511	2.682236E+03	4	6	
0	6513	2.682646E+03	4	6	
0	6517	2.683179E+03	4	6	
0	6519	2.683751E+03	4	6	
0	6527	2.685667E+03	4	6	
0	6529	2.687636E+03	4	6	
0	6532	2.688695E+03	4	6	
0	6534	2.689610E+03	4	6	
0	6536	2.690276E+03	4	6	
0	6538	2.691121E+03	4	6	
0	6549	2.694489E+03	4	6	
0	6551	2.696073E+03	4	6	
0	6553	2.698347E+03	4	6	
0	6555	2.698613E+03	4	6	
0	6557	2.698736E+03	4	6	
0	6562	2.701285E+03	4	6	
0	6564	2.702023E+03	4	6	
0	6568	2.703644E+03	4	6	
0	6575	2.705888E+03	4	6	
0	6577	2.706387E+03	4	6	
0	6582	2.710261E+03	4	6	
0	6591	2.713154E+03	4	6	
0	6595	2.714987E+03	4	6	
0	6597	2.715311E+03	4	6	
0	6612	2.720291E+03	4	6	
0	6617	2.722144E+03	4	6	
0	6619	2.722765E+03	4	6	
0	6621	2.723736E+03	4	6	
0	6629	2.726636E+03	4	6	
0	6631	2.726758E+03	4	6	
0	6635	2.729809E+03	4	6	
0	6639	2.731776E+03	4	6	
0	6645	2.733857E+03	4	6	
0	6647	2.734590E+03	4	6	
0	6650	2.735306E+03	4	6	
0	6652	2.736775E+03	4	6	
0	6655	2.737882E+03	4	6	
0	6657	2.738004E+03	4	6	
0	6659	2.740191E+03	4	6	
0	6662	2.741228E+03	4	6	
0	6665	2.744843E+03	4	6	
0	6669	2.746016E+03	4	6	
0	6673	2.746836E+03	4	6	
0	6676	2.750526E+03	4	6	
0	6680	2.752325E+03	4	6	
0	6682	2.752568E+03	4	6	
0	6685	2.754088E+03	4	6	
0	6687	2.755234E+03	4	6	
0	6691	2.756024E+03	4	6	
0	6695	2.758499E+03	4	6	
0	6701	2.760853E+03	4	6	
0	6703	2.761306E+03	4	6	
0	6707	2.762924E+03	4	6	
0	6709	2.763952E+03	4	6	
0	6711	2.764583E+03	4	6	
0	6716	2.765597E+03	4	6	
0	6718	2.765713E+03	4	6	
0	6729	2.772046E+03	4	6	
0	6735	2.774195E+03	4	6	
0	6745	2.779541E+03	4	6	
0	6750	2.780603E+03	4	6	
0	6762	2.786965E+03	4	6	
0	6764	2.787621E+03	4	6	
0	6766	2.787855E+03	4	6	
0	6768	2.788275E+03	4	6	
0	6774	2.789626E+03	4	6	
0	6779	2.791880E+03	4	6	
0	6782	2.793428E+03	4	6	
0	6784	2.794763E+03	4	6	
0	6786	2.796517E+03	4	6	
0	6788	2.796825E+03	4	6	
0	6790	2.798007E+03	4	6	
0	6792	2.798411E+03	4	6	
0	6794	2.798685E+03	4	6	
0	6796	2.799383E+03	4	6	
0	6798	2.800075E+03	4	6	
0	6800	2.801261E+03	4	6	
0	6808	2.805620E+03	4	6	
0	6812	2.807175E+03	4	6	
0	6820	2.810566E+03	4	6	
0	6824	2.812279E+03	4	6	
0	6829	2.814220E+03	4	6	
0	6832	2.814804E+03	4	6	
0	6834	2.815166E+03	4	6	
0	6844	2.817775E+03	4	6	
0	6856	2.822513E+03	4	6	
0	6858	2.822866E+03	4	6	
0	6867	2.829241E+03	4	6	
0	6869	2.830709E+03	4	6	
0	6874	2.833153E+03	4	6	
0	6880	2.836998E+03	4	6	
0	6888	2.841464E+03	4	6	
0	6894	2.843808E+03	4	6	
0	6896	2.844090E+03	4	6	
0	6901	2.846015E+03	4	6	
0	6906	2.848410E+03	4	6	
0	6909	2.849224E+03	4	6	
0	6911	2.849627E+03	4	6	
0	6913	2.850424E+03	4	6	
0	6915	2.851167E+03	4	6	
0	6923	2.852967E+03	4	6	
0	6929	2.854955E+03	4	6	
0	6931	2.856438E+03	4	6	
0	6934	2.859129E+03	4	6	
0	6936	2.859247E+03	4	6	
0	6938	2.859484E+03	4	6	
0	6944	2.860106E+03	4	6	
0	6948	2.860807E+03	4	6	
0	6951	2.861848E+03	4	6	
0	6961	2.864760E+03	4	6	
0	6964	2.866276E+03	4	6	
0	6966	2.866863E+03	4	6	
0	6972	2.868903E+03	4	6	
0	6978	2.871619E+03	4	6	
0	6984	2.874041E+03	4	6	
0	6988	2.875701E+03	4	6	
0	6990	2.877890E+03	4	6	
0	6994	2.881207E+03	4	6	
0	6999	2.882095E+03	4	6	
0	7003	2.883299E+03	4	6	
0	7008	2.886277E+03	4	6	
0	7014	2.889962E+03	4	6	
0	7016	2.890949E+03	4	6	
0	7020	2.894560E+03	4	6	
0	7022	2.894921E+03	4	6	
0	7026	2.897072E+03	4	6	
0	7028	2.897940E+03	4	6	
0	7030	2.898206E+03	4	6	
0	7034	2.901825E+03	4	6	
0	7036	2.903890E+03	4	6	
0	7038	2.904655E+03	4	6	
0	7040	2.904894E+03	4	6	
0	7043	2.907544E+03	4	6	
0	7045	2.907877E+03	4	6	
0	7047	2.908769E+03	4	6	
0	7050	2.909706E+03	4	6	
0	7057	2.911538E+03	4	6	
0	7059	2.912193E+03	4	6	
0	7064	2.914465E+03	4	6	
0	7066	2.915062E+03	4	6	
0	7074	2.918956E+03	4	6	
0	7079	2.922103E+03	4	6	
0	7081	2.922558E+03	4	6	
0	7083	2.924405E+03	4	6	
0	7089	2.926805E+03	4	6	
0	7091	2.927763E+03	4	6	
0	7095	2.930080E+03	4	6	
0	7100	2.930602E+03	4	6	
0	7104	2.931748E+03	4	6	
0	7114	2.939605E+03	4	6	
0	7123	2.941941E+03	4	6	
0	7133	2.945857E+03	4	6	
0	7136	2.947039E+03	4	6	
0	7140	2.950105E+03	4	6	
0	7142	2.951086E+03	4	6	
0	7144	2.951620E+03	4	6	
0	7148	2.953462E+03	4	6	
0	7155	2.955930E+03	4	6	
0	7157	2.956482E+03	4	6	
0	7166	2.959980E+03	4	6	
0	7170	2.962019E+03	4	6	
0	7173	2.965186E+03	4	6	
0	7182	2.969301E+03	4	6	
0	7189	2.971819E+03	4	6	
0	7191	2.972118E+03	4	6	
0	7197	2.975047E+03	4	6	
0	7203	2.977112E+03	4	6	
0	7205	2.978360E+03	4	6	
0	7207	2.979224E+03	4	6	
0	7209	2.979497E+03	4	6	
0	7212	2.980165E+03	4	6	
0	7214	2.981533E+03	4	6	
0	7218	2.984060E+03	4	6	
0	7227	2.987529E+03	4	6	
0	7229	2.990847E+03	4	6	
0	7236	2.993593E+03	4	6	
0	7240	2.994988E+03	4	6	
0	7242	2.995554E+03	4	6	
0	7246	2.996593E+03	4	6	
0	7249	2.997748E+03	4	6	
0	7256	3.002269E+03	4	6	
0	7260	3.003892E+03	4	6	
0	7263	3.005418E+03	4	6	
0	7270	3.007518E+03	4	6	
0	7272	3.007959E+03	4	6	
0	7278	3.011732E+03	4	6	
0	7286	3.016220E+03	4	6	
0	7291	3.017888E+03	4	6	
0	7295	3.019191E+03	4	6	
0	7297	3.019424E+03	4	6	
0	7301	3.023286E+03	4	6	
0	7303	3.023447E+03	4	6	
0	7309	3.024328E+03	4	6	
0	7315	3.025827E+03	4	6	
0	7318	3.026347E+03	4	6	
0	7320	3.026512E+03	4	6	
0	7327	3.028657E+03	4	6	
0	7329	3.029321E+03	4	6	
0	7333	3.030312E+03	4	6	
0	7339	3.033445E+03	4	6	
0	7341	3.033960E+03	4	6	
0	7346	3.036124E+03	4	6	
0	7355	3.040453E+03	4	6	
0	7359	3.042032E+03	4	6	
0	7361	3.042983E+03	4	6	
0	7365	3.044217E+03	4	6	
0	7367	3.045076E+03	4	6	
0	7369	3.046842E+03	4	6	
0	7372	3.048018E+03	4	6	
0	7380	3.050293E+03	4	6	
0	7382	3.050440E+03	4	6	
0	7386	3.051879E+03	4	6	
0	7391	3.054675E+03	4	6	
0	7393	3.055305E+03	4	6	
0	7397	3.056933E+03	4	6	
0	7413	3.064022E+03	4	6	
0	7415	3.065251E+03	4	6	
0	7419	3.066427E+03	4	6	
0	7425	3.069373E+03	4	6	
0	7428	3.070139E+03	4	6	
0	7434	3.071165E+03	4	6	
0	7440	3.073751E+03	4	6	
0	7443	3.075121E+03	4	6	
0	7446	3.076163E+03	4	6	
0	7450	3.077071E+03	4	6	
0	7457	3.079924E+03	4	6	
0	7463	3.083288E+03	4	6	
0	7476	3.087831E+03	4	6	
0	7480	3.089290E+03	4	6	
0	7484	3.089957E+03	4	6	
0	7497	3.094927E+03	4	6	
0	7507	3.098881E+03	4	6	
0	7513	3.102917E+03	4	6	
0	7521	3.106370E+03	4	6	
0	7529	3.109768E+03	4	6	
0	7533	3.111508E+03	4	6	
0	7538	3.113826E+03	4	6	
0	7541	3.115700E+03	4	6	
0	7546	3.117026E+03	4	6	
0	7549	3.118472E+03	4	6	
0	7552	3.119563E+03	4	6	
0	7555	3.120204E+03	4	6	
0	7562	3.123699E+03	4	6	
0	7567	3.126617E+03	4	6	
0	7575	3.129255E+03	4	6	
0	7579	3.130432E+03	4	6	
0	7581	3.130552E+03	4	6	
0	7585	3.131569E+03	4	6	
0	7588	3.132575E+03	4	6	
0	7590	3.132899E+03	4	6	
0	7594	3.134741E+03	4	6	
0	7596	3.136209E+03	4	6	
0	7620	3.145973E+03	4	6	
0	7632	3.151174E+03	4	6	
0	7636	3.152548E+03	4	6	
0	7639	3.153564E+03	4	6	
0	7641	3.154558E+03	4	6	
0	7643	3.156601E+03	4	6	
0	7648	3.158316E+03	4	6	
0	7658	3.162298E+03	4	6	
0	7660	3.163297E+03	4	6	
0	7665	3.167413E+03	4	6	
0	7667	3.168866E+03	4	6	
0	7671	3.171129E+03	4	6	
0	7674	3.173992E+03	4	6	
0	7676	3.174051E+03	4	6	
0	7687	3.177683E+03	4	6	
0	7689	3.178340E+03	4	6	
0	7692	3.179796E+03	4	6	
0	7694	3.180015E+03	4	6	
0	7699	3.181469E+03	4	6	
0	7706	3.185817E+03	4	6	
0	7715	3.190739E+03	4	6	
0	7719	3.191307E+03	4	6	
0	7727	3.198487E+03	4	6	
0	7729	3.198676E+03	4	6	
0	7733	3.199564E+03	4	6	
0	7741	3.201789E+03	4	6	
0	7743	3.202205E+03	4	6	
0	7745	3.203521E+03	4	6	
0	7748	3.204799E+03	4	6	
0	7751	3.205136E+03	4	6	
0	7760	3.210438E+03	4	6	
0	7767	3.213097E+03	4	6	
0	7773	3.215302E+03	4	6	
0	7778	3.220106E+03	4	6	
0	7784	3.221866E+03	4	6	
0	7793	3.225498E+03	4	6	
0	7795	3.225933E+03	4	6	
0	7803	3.232182E+03	4	6	
0	7807	3.233901E+03	4	6	
0	7813	3.235682E+03	4	6	
0	7815	3.236176E+03	4	6	
0	7824	3.238242E+03	4	6	
0	7826	3.238653E+03	4	6	
0	7828	3.239655E+03	4	6	
0	7830	3.240162E+03	4	6	
0	7834	3.240465E+03	4	6	
0	7837	3.242361E+03	4	6	
0	7840	3.243826E+03	4	6	
0	7844	3.244408E+03	4	6	
0	7848	3.245667E+03	4	6	
0	7851	3.246498E+03	4	6	
0	7857	3.248475E+03	4	6	
0	7861	3.252966E+03	4	6	
0	7864	3.254161E+03	4	6	
0	7870	3.257557E+03	4	6	
0	7872	3.259094E+03	4	6	
0	7874	3.259766E+03	4	6	
0	7877	3.260489E+03	4	6	
0	7879	3.260982E+03	4	6	
0	7891	3.264425E+03	4	6	
0	7893	3.264687E+03	4	6	
0	7895	3.264895E+03	4	6	
0	7897	3.267064E+03	4	6	
0	7900	3.268785E+03	4	6	
0	7903	3.269298E+03	4	6	
0	7905	3.270341E+03	4	6	
0	7908	3.271043E+03	4	6	
0	7911	3.274510E+03	4	6	
0	7913	3.275175E+03	4	6	
0	7916	3.275570E+03	4	6	
0	7918	3.276120E+03	4	6	
0	7928	3.279940E+03	4	6	
0	7932	3.282342E+03	4	6	
0	7934	3.283438E+03	4	6	
0	7940	3.285988E+03	4	6	
0	7947	3.288214E+03	4	6	
0	7950	3.289320E+03	4	6	
0	7952	3.289542E+03	4	6	
0	7954	3.290964E+03	4	6	
0	7958	3.292629E+03	4	6	
0	7960	3.292874E+03	4	6	
0	7965	3.293705E+03	4	6	
0	7969	3.294953E+03	4	6	
0	7975	3.296669E+03	4	6	
0	7978	3.298112E+03	4	6	
0	7986	3.301016E+03	4	6	
0	7993	3.303418E+03	4	6	
0	7995	3.303825E+03	4	6	
0	7998	3.304384E+03	4	6	
0	8003	3.305631E+03	4	6	
0	8007	3.307352E+03	4	6	
0	8014	3.311884E+03	4	6	
0	8023	3.315603E+03	4	6	
0	8033	3.320176E+03	4	6	
0	8036	3.321783E+03	4	6	
0	8039	3.323436E+03	4	6	
0	8041	3.324890E+03	4	6	
0	8043	3.325112E+03	4	6	
0	8047	3.325465E+03	4	6	
0	8057	3.331612E+03	4	6	
0	8065	3.333918E+03	4	6	
0	8068	3.335640E+03	4	6	
0	8073	3.339175E+03	4	6	
0	8075	3.339489E+03	4	6	
0	8079	3.341615E+03	4	6	
0	8083	3.342405E+03	4	6	
0	8085	3.343539E+03	4	6	
0	8090	3.346129E+03	4	6	
0	8092	3.346664E+03	4	6	
0	8112	3.353218E+03	4	6	
0	8115	3.356486E+03	4	6	
0	8117	3.357583E+03	4	6	
0	8126	3.359834E+03	4	6	
0	8128	3.360465E+03	4	6	
0	8132	3.361618E+03	4	6	
0	8139	3.364084E+03	4	6	
0	8141	3.364233E+03	4	6	
0	8144	3.365695E+03	4	6	
0	8148	3.366638E+03	4	6	
0	8150	3.367530E+03	4	6	
0	8153	3.369265E+03	4	6	
0	8155	3.370339E+03	4	6	
0	8161	3.374198E+03	4	6	
0	8168	3.379162E+03	4	6	
0	8170	3.379308E+03	4	6	
0	8172	3.381203E+03	4	6	
0	8178	3.383974E+03	4	6	
0	8181	3.384930E+03	4	6	
0	8183	3.387822E+03	4	6	
0	8186	3.390311E+03	4	6	
0	8196	3.393031E+03	4	6	
0	8202	3.395745E+03	4	6	
0	8206	3.399460E+03	4	6	
0	8210	3.402627E+03	4	6	
0	8213	3.403772E+03	4	6	
0	8215	3.405026E+03	4	6	
0	8217	3.407104E+03	4	6	
0	8220	3.409071E+03	4	6	
0	8225	3.411448E+03	4	6	
0	8227	3.412797E+03	4	6	
0	8230	3.414003E+03	4	6	
0	8233	3.415115E+03	4	6	
0	8235	3.416173E+03	4	6	
0	8238	3.416502E+03	4	6	
0	8243	3.419340E+03	4	6	
0	8250	3.423172E+03	4	6	
0	8253	3.423842E+03	4	6	
0	8255	3.425089E+03	4	6	
0	8257	3.428077E+03	4	6	
0	8264	3.431644E+03	4	6	
0	8268	3.432588E+03	4	6	
0	8278	3.437515E+03	4	6	
0	8282	3.439834E+03	4	6	
0	8288	3.443023E+03	4	6	
0	8298	3.445991E+03	4	6	
0	8300	3.446278E+03	4	6	
0	8302	3.446673E+03	4	6	
0	8304	3.447314E+03	4	6	
0	8306	3.448910E+03	4	6	
0	8308	3.449733E+03	4	6	
0	8311	3.450920E+03	4	6	
0	8315	3.452571E+03	4	6	
0	8317	3.455115E+03	4	6	
0	8319	3.455562E+03	4	6	
0	8321	3.456285E+03	4	6	
0	8324	3.457868E+03	4	6	
0	8326	3.458797E+03	4	6	
0	8328	3.459202E+03	4	6	
0	8336	3.461839E+03	4	6	
0	8338	3.462293E+03	4	6	
0	8342	3.464058E+03	4	6	
0	8344	3.464597E+03	4	6	
0	8348	3.467166E+03	4	6	
0	8350	3.468048E+03	4	6	
0	8354	3.470354E+03	4	6	
0	8357	3.471260E+03	4	6	
0	8360	3.472303E+03	4	6	
0	8366	3.474883E+03	4	6	
0	8368	3.475430E+03	4	6	
0	8371	3.478562E+03	4	6	
0	8380	3.482386E+03	4	6	
0	8383	3.483746E+03	4	6	
0	8386	3.484995E+03	4	6	
0	8389	3.486901E+03	4	6	
0	8397	3.490999E+03	4	6	
0	8401	3.497217E+03	4	6	
0	8406	3.500265E+03	4	6	
0	8409	3.501777E+03	4	6	
0	8416	3.504002E+03	4	6	
0	8418	3.505202E+03	4	6	
0	8423	3.506852E+03	4	6	
0	8425	3.507842E+03	4	6	
0	8427	3.508364E+03	4	6	
0	8434	3.510419E+03	4	6	
0	8441	3.512784E+03	4	6	
0	8443	3.513156E+03	4	6	
0	8445	3.513544E+03	4	6	
0	8447	3.514698E+03	4	6	
0	8449	3.515084E+03	4	6	
0	8451	3.515931E+03	4	6	
0	8453	3.516446E+03	4	6	
0	8457	3.518506E+03	4	6	
0	8460	3.519437E+03	4	6	
0	8462	3.521148E+03	4	6	
0	8464	3.521809E+03	4	6	
0	8470	3.523009E+03	4	6	
0	8472	3.523398E+03	4	6	
0	8475	3.524226E+03	4	6	
0	8477	3.524414E+03	4	6	
0	8479	3.524569E+03	4	6	
0	8481	3.525030E+03	4	6	
0	8485	3.527857E+03	4	6	
0	8489	3.529750E+03	4	6	
0	8496	3.532000E+03	4	6	
0	8498	3.532374E+03	4	6	
0	8506	3.535368E+03	4	6	
0	8510	3.537684E+03	4	6	
0	8514	3.539244E+03	4	6	
0	8516	3.539597E+03	4	6	
0	8518	3.540670E+03	4	6	
0	8520	3.543083E+03	4	6	
0	8525	3.544911E+03	4	6	
0	8527	3.545621E+03	4	6	
0	8530	3.547344E+03	4	6	
0	8538	3.548651E+03	4	6	
0	8541	3.551891E+03	4	6	
0	8545	3.553480E+03	4	6	
0	8551	3.556313E+03	4	6	
0	8554	3.556584E+03	4	6	
0	8568	3.562099E+03	4	6	
0	8574	3.564616E+03	4	6	
0	8578	3.567128E+03	4	6	
0	8583	3.569320E+03	4	6	
0	8590	3.573968E+03	4	6	
0	8598	3.577350E+03	4	6	
0	8600	3.577641E+03	4	6	
0	8603	3.580889E+03	4	6	
0	8609	3.583037E+03	4	6	
0	8612	3.583665E+03	4	6	
0	8616	3.584903E+03	4	6	
0	8620	3.587099E+03	4	6	
0	8622	3.587797E+03	4	6	
0	8625	3.588358E+03	4	6	
0	8627	3.589307E+03	4	6	
0	8632	3.591689E+03	4	6	
0	8638	3.595236E+03	4	6	
0	8641	3.596035E+03	4	6	
0	8643	3.596457E+03	4	6	
0	8652	3.600038E+03	4	6	
0	8663	3.603492E+03	4	6	
0	8666	3.605225E+03	4	6	
0	8669	3.605485E+03	4	6	
0	8673	3.607365E+03	4	6	
0	8677	3.609552E+03	4	6	
0	8690	3.616618E+03	4	6	
0	8692	3.617340E+03	4	6	
0	8715	3.627459E+03	4	6	
0	8717	3.627746E+03	4	6	
0	8719	3.629521E+03	4	6	
0	8722	3.630613E+03	4	6	
0	8728	3.632364E+03	4	6	
0	8730	3.632961E+03	4	6	
0	8733	3.633391E+03	4	6	
0	8735	3.634453E+03	4	6	
0	8738	3.635739E+03	4	6	
0	8749	3.639375E+03	4	6	
0	8753	3.641513E+03	4	6	
0	8756	3.643672E+03	4	6	
0	8758	3.643917E+03	4	6	
0	8761	3.644623E+03	4	6	
0	8767	3.646059E+03	4	6	
0	8772	3.650152E+03	4	6	
0	8775	3.651698E+03	4	6	
0	8777	3.652983E+03	4	6	
0	8784	3.656402E+03	4	6	
0	8787	3.657306E+03	4	6	
0	8789	3.658639E+03	4	6	
0	8791	3.659386E+03	4	6	
0	8801	3.663104E+03	4	6	
0	8807	3.665513E+03	4	6	
0	8809	3.666644E+03	4	6	
0	8811	3.669501E+03	4	6	
0	8814	3.670305E+03	4	6	
0	8816	3.671502E+03	4	6	
0	8825	3.676543E+03	4	6	
0	8834	3.681816E+03	4	6	
0	8836	3.682161E+03	4	6	
0	8841	3.684293E+03	4	6	
0	8847	3.686140E+03	4	6	
0	8852	3.688476E+03	4	6	
0	8857	3.690700E+03	4	6	
0	8863	3.693515E+03	4	6	
0	8868	3.696384E+03	4	6	
0	8871	3.697725E+03	4	6	
0	8873	3.698290E+03	4	6	
0	8875	3.699014E+03	4	6	
0	8877	3.699890E+03	4	6	
0	8881	3.701077E+03	4	6	
0	8884	3.704146E+03	4	6	
0	8887	3.704758E+03	4	6	
0	8890	3.705941E+03	4	6	
0	8893	3.706649E+03	4	6	
0	8898	3.709029E+03	4	6	
0	8901	3.709770E+03	4	6	
0	8907	3.713027E+03	4	6	
0	8909	3.713081E+03	4	6	
0	8911	3.713663E+03	4	6	
0	8916	3.715317E+03	4	6	
0	8931	3.718727E+03	4	6	
0	8933	3.720573E+03	4	6	
0	8936	3.721042E+03	4	6	
0	8939	3.722710E+03	4	6	
0	8944	3.726021E+03	4	6	
0	8946	3.726756E+03	4	6	
0	8953	3.729225E+03	4	6	
0	8955	3.732133E+03	4	6	
0	8958	3.733393E+03	4	6	
0	8960	3.734290E+03	4	6	
0	8967	3.739574E+03	4	6	
0	8969	3.739729E+03	4	6	
0	8973	3.740591E+03	4	6	
0	8981	3.743177E+03	4	6	
0	8987	3.744477E+03	4	6	
0	8989	3.745283E+03	4	6	
0	9011	3.754517E+03	4	6	
0	9014	3.755741E+03	4	6	
0	9025	3.760956E+03	4	6	
0	9030	3.764680E+03	4	6	
0	9036	3.766926E+03	4	6	
0	9039	3.768411E+03	4	6	
0	9041	3.769078E+03	4	6	
0	9045	3.769550E+03	4	6	
0	9049	3.770871E+03	4	6	
0	9053	3.773401E+03	4	6	
0	9058	3.774405E+03	4	6	
0	9061	3.775666E+03	4	6	
0	9066	3.777500E+03	4	6	
0	9078	3.783954E+03	4	6	
0	9084	3.784515E+03	4	6	
0	9086	3.785454E+03	4	6	
0	9093	3.787384E+03	4	6	
0	9096	3.788388E+03	4	6	
0	9101	3.790542E+03	4	6	
0	9111	3.793484E+03	4	6	
0	9126	3.799130E+03	4	6	
0	9132	3.800611E+03	4	6	
0	9136	3.801316E+03	4	6	
0	9140	3.803689E+03	4	6	
0	9149	3.806213E+03	4	6	
0	9156	3.807866E+03	4	6	
0	9169	3.810893E+03	4	6	
0	9177	3.812607E+03	4	6	
0	9180	3.815169E+03	4	6	
0	9182	3.815969E+03	4	6	
0	9184	3.817833E+03	4	6	
0	9186	3.818246E+03	4	6	
0	9190	3.819956E+03	4	6	
0	9192	3.821103E+03	4	6	
0	9196	3.822402E+03	4	6	
0	9208	3.826855E+03	4	6	
0	9214	3.831223E+03	4	6	
0	9223	3.836072E+03	4	6	
0	9227	3.837093E+03	4	6	
0	9232	3.839330E+03	4	6	
0	9237	3.841058E+03	4	6	
0	9246	3.844671E+03	4	6	
0	9248	3.845378E+03	4	6	
0	9252	3.847051E+03	4	6	
0	9254	3.847531E+03	4	6	
0	9260	3.848884E+03	4	6	
0	9262	3.850793E+03	4	6	
0	9275	3.854746E+03	4	6	
0	9278	3.855715E+03	4	6	
0	9291	3.863522E+03	4	6	
0	9296	3.866848E+03	4	6	
0	9299	3.867689E+03	4	6	
0	9303	3.871332E+03	4	6	
0	9307	3.872679E+03	4	6	
0	9309	3.873353E+03	4	6	
0	9332	3.882737E+03	4	6	
0	9334	3.883834E+03	4	6	
0	9342	3.887915E+03	4	6	
0	9346	3.888749E+03	4	6	
0	9352	3.892868E+03	4	6	
0	9355	3.894248E+03	4	6	
0	9365	3.897491E+03	4	6	
0	9368	3.897821E+03	4	6	
0	9372	3.899493E+03	4	6	
0	9378	3.901709E+03	4	6	
0	9381	3.903890E+03	4	6	
0	9384	3.905068E+03	4	6	
0	9389	3.905596E+03	4	6	
0	9391	3.906339E+03	4	6	
0	9397	3.907390E+03	4	6	
0	9400	3.907832E+03	4	6	
0	9402	3.908264E+03	4	6	
0	9405	3.909626E+03	4	6	
0	9411	3.913675E+03	4	6	
0	9415	3.915921E+03	4	6	
0	9419	3.918642E+03	4	6	
0	9423	3.920090E+03	4	6	
0	9434	3.924740E+03	4	6	
0	9436	3.924925E+03	4	6	
0	9448	3.930248E+03	4	6	
0	9450	3.931342E+03	4	6	
0	9461	3.937816E+03	4	6	
0	9465	3.939145E+03	4	6	
0	9468	3.939556E+03	4	6	
0	9472	3.941798E+03	4	6	
0	9477	3.942308E+03	4	6	
0	9481	3.943468E+03	4	6	
0	9487	3.944493E+03	4	6	
0	9492	3.947531E+03	4	6	
0	9498	3.949810E+03	4	6	
0	9500	3.950879E+03	4	6	
0	9502	3.951088E+03	4	6	
0	9507	3.953065E+03	4	6	
0	9509	3.953674E+03	4	6	
0	9512	3.955297E+03	4	6	
0	9516	3.956904E+03	4	6	
0	9520	3.959953E+03	4	6	
0	9532	3.965567E+03	4	6	
0	9534	3.966300E+03	4	6	
0	9541	3.968906E+03	4	6	
0	9548	3.971714E+03	4	6	
0	9551	3.972960E+03	4	6	
0	9555	3.975371E+03	4	6	
0	9557	3.977562E+03	4	6	
0	9560	3.978853E+03	4	6	
0	9562	3.979520E+03	4	6	
0	9566	3.980081E+03	4	6	
0	9570	3.981145E+03	4	6	
0	9574	3.982734E+03	4	6	
0	9578	3.983929E+03	4	6	
0	9580	3.984058E+03	4	6	
0	9582	3.985559E+03	4	6	
0	9587	3.988838E+03	4	6	
0	9596	3.992018E+03	4	6	
0	9601	3.994160E+03	4	6	
0	9603	3.994409E+03	4	6	
0	9605	3.995417E+03	4	6	
0	9612	3.996999E+03	4	6	
0	9615	3.998802E+03	4	6	
0	9623	4.001858E+03	4	6	
0	9630	4.004664E+03	4	6	
0	9633	4.006063E+03	4	6	
0	9636	4.007182E+03	4	6	
0	9646	4.012061E+03	4	6	
0	9650	4.012789E+03	4	6	
0	9652	4.013028E+03	4	6	
0	9655	4.015952E+03	4	6	
0	9657	4.016196E+03	4	6	
0	9662	4.019679E+03	4	6	
0	9672	4.023573E+03	4	6	
0	9675	4.024449E+03	4	6	
0	9684	4.028660E+03	4	6	
0	9686	4.029626E+03	4	6	
0	9688	4.031856E+03	4	6	
0	9691	4.032554E+03	4	6	
0	9693	4.033373E+03	4	6	
0	9695	4.033840E+03	4	6	
0	9701	4.035941E+03	4	6	
0	9703	4.037599E+03	4	6	
0	9706	4.038606E+03	4	6	
0	9709	4.039948E+03	4	6	
0	9721	4.046686E+03	4	6	
0	9725	4.047736E+03	4	6	
0	9733	4.050715E+03	4	6	
0	9735	4.051078E+03	4	6	
0	9737	4.051671E+03	4	6	
0	9739	4.051929E+03	4	6	
0	9743	4.053771E+03	4	6	
0	9749	4.056029E+03	4	6	
0	9753	4.057866E+03	4	6	
0	9766	4.062859E+03	4	6	
0	9768	4.063615E+03	4	6	
0	9774	4.065499E+03	4	6	
0	9776	4.068038E+03	4	6	
0	9778	4.069331E+03	4	6	
0	9784	4.072077E+03	4	6	
0	9790	4.073792E+03	4	6	
0	9794	4.074887E+03	4	6	
0	9796	4.076307E+03	4	6	
0	9800	4.078201E+03	4	6	
0	9804	4.080998E+03	4	6	
0	9808	4.082592E+03	4	6	
0	9810	4.083060E+03	4	6	
0	9819	4.086607E+03	4	6	
0	9821	4.087184E+03	4	6	
0	9827	4.089906E+03	4	6	
0	9832	4.091760E+03	4	6	
0	9842	4.096751E+03	4	6	
0	9845	4.097995E+03	4	6	
0	9851	4.101150E+03	4	6	
0	9853	4.101381E+03	4	6	
0	9855	4.102182E+03	4	6	
0	9857	4.103638E+03	4	6	
0	9860	4.104881E+03	4	6	
0	9865	4.105649E+03	4	6	
0	9873	4.109053E+03	4	6	
0	9887	4.116481E+03	4	6	
0	9893	4.119311E+03	4	6	
0	9900	4.122637E+03	4	6	
0	9902	4.124714E+03	4	6	
0	9909	4.126548E+03	4	6	
0	9913	4.130267E+03	4	6	
0	9919	4.131680E+03	4	6	
0	9921	4.132311E+03	4	6	
0	9923	4.132626E+03	4	6	
0	9929	4.134223E+03	4	6	
0	9933	4.136166E+03	4	6	
0	9936	4.136909E+03	4	6	
0	9938	4.137071E+03	4	6	
0	9940	4.139271E+03	4	6	
0	9948	4.140799E+03	4	6	
0	9951	4.144090E+03	4	6	
0	9979	4.154361E+03	4	6	
0	9983	4.155967E+03	4	6	
0	9986	4.157697E+03	4	6	
0	9988	4.158558E+03	4	6	
0	9994	4.160669E+03	4	6	
0	9997	4.162197E+03	4	6	
