#id	E	T		depth	size	
0	29	3.056438E-02	3	5	
0	75	7.198867E-02	3	5	
0	85	8.543774E-02	3	5	
0	88	8.958617E-02	3	5	
0	103	1.065915E-01	3	5	
0	104	1.068983E-01	3	5	
0	114	1.184598E-01	3	5	
0	122	1.262471E-01	3	5	
0	136	1.351465E-01	3	5	
0	144	1.445070E-01	3	5	
0	149	1.475210E-01	3	5	
0	152	1.492465E-01	3	5	
0	165	1.685228E-01	3	5	
0	181	1.832239E-01	3	5	
0	209	2.078045E-01	3	5	
0	210	2.082041E-01	3	5	
0	215	2.123458E-01	3	5	
0	217	2.133037E-01	3	5	
0	224	2.251965E-01	3	5	
0	230	2.318729E-01	3	5	
0	251	2.475591E-01	3	5	
0	255	2.519801E-01	3	5	
0	278	2.762607E-01	3	5	
0	279	2.767558E-01	3	5	
0	282	2.816700E-01	3	5	
0	283	2.821141E-01	3	5	
0	287	2.861824E-01	3	5	
0	295	2.926621E-01	3	5	
0	308	3.009999E-01	3	5	
0	315	3.113085E-01	3	5	
0	326	3.224080E-01	3	5	
0	328	3.233849E-01	3	5	
0	335	3.289953E-01	3	5	
0	343	3.347633E-01	3	5	
0	347	3.380890E-01	3	5	
0	348	3.382521E-01	3	5	
0	373	3.513836E-01	3	5	
0	379	3.574793E-01	3	5	
0	386	3.629365E-01	3	5	
0	397	3.723031E-01	3	5	
0	400	3.750659E-01	3	5	
0	407	3.808826E-01	3	5	
0	408	3.811232E-01	3	5	
0	416	3.862913E-01	3	5	
0	443	4.176826E-01	3	5	
0	445	4.227240E-01	3	5	
0	451	4.273900E-01	3	5	
0	456	4.301375E-01	3	5	
0	464	4.357061E-01	3	5	
0	472	4.440124E-01	3	5	
0	479	4.470174E-01	3	5	
0	490	4.544663E-01	3	5	
0	498	4.615062E-01	3	5	
0	508	4.763478E-01	3	5	
0	517	4.829580E-01	3	5	
0	520	4.847468E-01	3	5	
0	540	4.965353E-01	3	5	
0	542	4.987580E-01	3	5	
0	545	4.996081E-01	3	5	
0	556	5.132231E-01	3	5	
0	560	5.158751E-01	3	5	
0	584	5.387465E-01	3	5	
0	588	5.411012E-01	3	5	
0	596	5.482278E-01	3	5	
0	607	5.604579E-01	3	5	
0	619	5.677924E-01	3	5	
0	625	5.784548E-01	3	5	
0	628	5.794789E-01	3	5	
0	637	5.869001E-01	3	5	
0	640	5.906276E-01	3	5	
0	652	6.024162E-01	3	5	
0	669	6.225614E-01	3	5	
0	689	6.364590E-01	3	5	
0	712	6.527944E-01	3	5	
0	713	6.532416E-01	3	5	
0	714	6.543236E-01	3	5	
0	715	6.547745E-01	3	5	
0	716	6.556623E-01	3	5	
0	726	6.620365E-01	3	5	
0	735	6.713884E-01	3	5	
0	737	6.718079E-01	3	5	
0	740	6.769117E-01	3	5	
0	748	6.809918E-01	3	5	
0	753	6.849168E-01	3	5	
0	754	6.850162E-01	3	5	
0	758	6.866916E-01	3	5	
0	773	6.996278E-01	3	5	
0	778	7.024974E-01	3	5	
0	792	7.120206E-01	3	5	
0	830	7.450606E-01	3	5	
0	873	7.726180E-01	3	5	
0	875	7.736269E-01	3	5	
0	888	7.844747E-01	3	5	
0	899	7.912649E-01	3	5	
0	906	7.932615E-01	3	5	
0	907	7.944724E-01	3	5	
0	911	7.981381E-01	3	5	
0	927	8.025838E-01	3	5	
0	931	8.048896E-01	3	5	
0	940	8.184633E-01	3	5	
0	952	8.282467E-01	3	5	
0	962	8.348825E-01	3	5	
0	969	8.415524E-01	3	5	
0	989	8.568341E-01	3	5	
0	996	8.619695E-01	3	5	
0	1000	8.652286E-01	3	5	
0	1008	8.710528E-01	3	5	
0	1013	8.722748E-01	3	5	
0	1025	8.783523E-01	3	5	
0	1049	8.975582E-01	3	5	
0	1051	8.988194E-01	3	5	
0	1065	9.096964E-01	3	5	
0	1069	9.122737E-01	3	5	
0	1073	9.149291E-01	3	5	
0	1090	9.254580E-01	3	5	
0	1102	9.314665E-01	3	5	
0	1126	9.474857E-01	3	5	
0	1140	9.623302E-01	3	5	
0	1164	9.812549E-01	3	5	
0	1185	9.973622E-01	3	5	
0	1187	9.978358E-01	3	5	
0	1188	9.995220E-01	3	5	
0	1193	1.000514E+00	3	5	
0	1238	1.027680E+00	3	5	
0	1248	1.033478E+00	3	5	
0	1279	1.056246E+00	3	5	
0	1292	1.066189E+00	3	5	
0	1295	1.067825E+00	3	5	
0	1297	1.070290E+00	3	5	
0	1316	1.083826E+00	3	5	
0	1320	1.086905E+00	3	5	
0	1343	1.100964E+00	3	5	
0	1378	1.119321E+00	3	5	
0	1388	1.130224E+00	3	5	
0	1394	1.135997E+00	3	5	
0	1485	1.187259E+00	3	5	
0	1555	1.232979E+00	3	5	
0	1591	1.257941E+00	3	5	
0	1678	1.306979E+00	3	5	
0	1714	1.325016E+00	3	5	
0	1744	1.340392E+00	3	5	
0	1795	1.366409E+00	3	5	
0	1798	1.369756E+00	3	5	
0	1807	1.374058E+00	3	5	
0	1812	1.379251E+00	3	5	
0	1833	1.395904E+00	3	5	
0	1871	1.418928E+00	3	5	
0	2009	1.491264E+00	3	5	
0	2126	1.562478E+00	3	5	
0	2164	1.589541E+00	3	5	
0	2326	1.687495E+00	3	5	
0	2391	1.725523E+00	3	5	
0	2395	1.729334E+00	3	5	
0	2427	1.749232E+00	3	5	
0	2578	1.840532E+00	3	5	
0	2620	1.869293E+00	3	5	
0	2827	1.994126E+00	3	5	
0	2850	2.005796E+00	3	5	
0	3182	2.190514E+00	3	5	
0	3199	2.198100E+00	3	5	
0	3856	2.545684E+00	3	5	
0	4599	2.920521E+00	3	5	
1	201	2.012877E-01	3	7	
1	213	2.108295E-01	3	7	
1	236	2.380584E-01	3	7	
1	248	2.454924E-01	3	7	
1	274	2.703395E-01	3	7	
1	324	3.187243E-01	3	7	
1	355	3.415160E-01	3	7	
1	367	3.474770E-01	3	7	
1	368	3.476715E-01	3	7	
1	371	3.504431E-01	3	7	
1	433	4.125086E-01	3	7	
1	511	4.793493E-01	3	7	
1	516	4.828359E-01	3	7	
1	535	4.925956E-01	3	7	
1	582	5.371283E-01	3	7	
1	666	6.203457E-01	3	7	
1	685	6.324434E-01	3	7	
1	741	6.770958E-01	3	7	
1	921	8.011154E-01	3	7	
1	1016	8.739045E-01	3	7	
1	1055	9.011087E-01	3	7	
1	1143	9.639193E-01	3	7	
1	1204	1.005555E+00	3	7	
1	1233	1.024159E+00	3	7	
1	1245	1.032770E+00	3	7	
1	1250	1.034827E+00	3	7	
1	1464	1.176603E+00	3	7	
1	1470	1.179634E+00	3	7	
1	1625	1.275045E+00	3	7	
1	1657	1.290023E+00	3	7	
1	1699	1.315639E+00	3	7	
1	1909	1.440923E+00	3	7	
2	221	2.191862E-01	5	8	
2	481	4.482542E-01	5	8	
2	546	4.997942E-01	5	8	
2	648	5.966581E-01	5	8	
2	834	7.486006E-01	5	8	
2	1066	9.107443E-01	5	8	
2	1200	1.004624E+00	5	8	
2	1425	1.154291E+00	5	8	
2	1426	1.154724E+00	5	8	
2	1490	1.189476E+00	5	8	
2	1509	1.203438E+00	5	8	
2	1614	1.270335E+00	5	8	
2	1675	1.301346E+00	5	8	
2	1733	1.333204E+00	5	8	
2	1921	1.451972E+00	5	8	
2	1945	1.461920E+00	5	8	
2	1946	1.462791E+00	5	8	
2	2039	1.516744E+00	5	8	
2	2103	1.545552E+00	5	8	
2	2171	1.594276E+00	5	8	
2	2347	1.702455E+00	5	8	
2	2430	1.750946E+00	5	8	
2	2463	1.769802E+00	5	8	
2	2729	1.940100E+00	5	8	
2	3042	2.108471E+00	5	8	
3	351	3.393366E-01	5	11	
3	1498	1.195250E+00	5	11	
3	1780	1.360419E+00	5	11	
3	2562	1.830793E+00	5	11	
3	4048	2.646102E+00	5	11	
3	4233	2.737688E+00	5	11	
4	541	4.976562E-01	5	8	
4	700	6.424133E-01	5	8	
4	751	6.839578E-01	5	8	
4	1062	9.082640E-01	5	8	
4	1137	9.581103E-01	5	8	
4	1384	1.125234E+00	5	8	
4	1411	1.145090E+00	5	8	
4	2571	1.837615E+00	5	8	
4	4969	3.103792E+00	5	8	
5	543	4.990305E-01	5	10	
6	551	5.038268E-01	5	10	
6	1399	1.137693E+00	5	10	
6	1582	1.250763E+00	5	10	
6	2047	1.520933E+00	5	10	
6	2106	1.548024E+00	5	10	
7	559	5.156533E-01	5	8	
7	695	6.379959E-01	5	8	
7	836	7.516582E-01	5	8	
7	1050	8.981624E-01	5	8	
7	1332	1.094975E+00	5	8	
7	1412	1.146026E+00	5	8	
7	1987	1.481943E+00	5	8	
7	2903	2.037786E+00	5	8	
7	4236	2.739022E+00	5	8	
8	565	5.185051E-01	6	11	
9	570	5.268259E-01	5	8	
9	749	6.816026E-01	5	8	
9	869	7.712891E-01	5	8	
9	923	8.014003E-01	5	8	
9	1064	9.092695E-01	5	8	
9	1270	1.052119E+00	5	8	
9	1289	1.065212E+00	5	8	
9	1598	1.260641E+00	5	8	
9	1804	1.373832E+00	5	8	
9	1811	1.375883E+00	5	8	
9	1858	1.412681E+00	5	8	
9	1864	1.416228E+00	5	8	
9	1962	1.468966E+00	5	8	
9	1993	1.484185E+00	5	8	
9	2077	1.531726E+00	5	8	
9	2270	1.652604E+00	5	8	
9	2335	1.696293E+00	5	8	
9	2530	1.815713E+00	5	8	
9	2576	1.840011E+00	5	8	
9	3117	2.155328E+00	5	8	
9	3149	2.171250E+00	5	8	
9	3279	2.249988E+00	5	8	
9	3585	2.401701E+00	5	8	
9	4152	2.697767E+00	5	8	
10	580	5.347164E-01	5	11	
10	1101	9.314324E-01	5	11	
10	1222	1.016334E+00	5	11	
10	1758	1.347593E+00	5	11	
10	1794	1.365960E+00	5	11	
10	1853	1.407656E+00	5	11	
10	2295	1.670174E+00	5	11	
10	3776	2.506124E+00	5	11	
11	602	5.545902E-01	5	10	
11	1060	9.049182E-01	5	10	
11	1608	1.268021E+00	5	10	
11	3153	2.172404E+00	5	10	
12	611	5.634884E-01	5	10	
12	846	7.567891E-01	5	10	
12	1139	9.622640E-01	5	10	
12	1240	1.029973E+00	5	10	
12	1314	1.083165E+00	5	10	
12	1688	1.312182E+00	5	10	
13	696	6.380571E-01	5	10	
13	863	7.654397E-01	5	10	
13	1100	9.312523E-01	5	10	
13	1764	1.351004E+00	5	10	
14	698	6.410875E-01	5	12	
15	710	6.512363E-01	7	13	
16	732	6.694952E-01	5	10	
16	826	7.410118E-01	5	10	
16	1344	1.101231E+00	5	10	
16	1486	1.188186E+00	5	10	
16	2172	1.595286E+00	5	10	
16	2405	1.735941E+00	5	10	
16	2915	2.045281E+00	5	10	
17	788	7.098164E-01	5	16	
18	810	7.229260E-01	5	8	
18	1117	9.404544E-01	5	8	
18	1186	9.973743E-01	5	8	
18	1454	1.170028E+00	5	8	
18	1474	1.183682E+00	5	8	
18	1514	1.206675E+00	5	8	
18	1537	1.222282E+00	5	8	
18	1627	1.275701E+00	5	8	
18	1715	1.325868E+00	5	8	
18	1750	1.344023E+00	5	8	
18	1754	1.345224E+00	5	8	
18	2273	1.653284E+00	5	8	
18	2353	1.704367E+00	5	8	
18	2396	1.729465E+00	5	8	
18	2669	1.900798E+00	5	8	
18	3234	2.224213E+00	5	8	
18	3266	2.241836E+00	5	8	
18	3289	2.255114E+00	5	8	
18	3578	2.400106E+00	5	8	
18	3998	2.620087E+00	5	8	
19	833	7.481881E-01	5	10	
20	880	7.767837E-01	7	13	
21	913	7.988979E-01	7	16	
22	981	8.491716E-01	7	16	
23	1022	8.766673E-01	5	13	
23	1406	1.141161E+00	5	13	
23	2159	1.587766E+00	5	13	
24	1030	8.804052E-01	9	16	
25	1047	8.929319E-01	7	16	
26	1048	8.970981E-01	5	13	
27	1057	9.035147E-01	5	11	
28	1074	9.172808E-01	7	14	
28	1736	1.334684E+00	7	14	
28	2936	2.056921E+00	7	14	
29	1104	9.322596E-01	7	14	
30	1108	9.346819E-01	9	24	
31	1121	9.422867E-01	9	27	
31	3818	2.525187E+00	9	27	
31	4974	3.106376E+00	9	27	
32	1133	9.559505E-01	5	11	
32	1212	1.009702E+00	5	11	
32	1400	1.138795E+00	5	11	
32	1566	1.240873E+00	5	11	
32	2086	1.538190E+00	5	11	
32	2340	1.700685E+00	5	11	
32	3002	2.090511E+00	5	11	
32	3111	2.152542E+00	5	11	
32	3499	2.366957E+00	5	11	
33	1145	9.659472E-01	5	18	
34	1175	9.855862E-01	7	17	
35	1180	9.896237E-01	7	14	
35	1948	1.462926E+00	7	14	
35	1999	1.486837E+00	7	14	
35	2012	1.491857E+00	7	14	
35	2063	1.527499E+00	7	14	
35	2150	1.579050E+00	7	14	
35	2902	2.037184E+00	7	14	
35	3091	2.140362E+00	7	14	
36	1195	1.000715E+00	5	11	
36	1431	1.156516E+00	5	11	
36	1482	1.186267E+00	5	11	
36	1639	1.282078E+00	5	11	
36	2711	1.928990E+00	5	11	
36	2849	2.004881E+00	5	11	
37	1199	1.004278E+00	9	20	
37	1998	1.486525E+00	9	20	
37	2407	1.736623E+00	9	20	
37	3028	2.101086E+00	9	20	
37	3779	2.507826E+00	9	20	
37	4189	2.716239E+00	9	20	
38	1201	1.004890E+00	7	13	
38	1937	1.460150E+00	7	13	
39	1230	1.021483E+00	5	10	
39	1372	1.115053E+00	5	10	
39	2100	1.544744E+00	5	10	
39	2944	2.059386E+00	5	10	
40	1236	1.025528E+00	5	13	
40	1704	1.318716E+00	5	13	
41	1262	1.042784E+00	7	13	
42	1268	1.050607E+00	7	14	
42	1347	1.102980E+00	7	14	
42	2752	1.954470E+00	7	14	
42	2882	2.028416E+00	7	14	
42	3102	2.146016E+00	7	14	
42	3833	2.531499E+00	7	14	
43	1307	1.076258E+00	7	11	
43	1902	1.437263E+00	7	11	
43	2015	1.497347E+00	7	11	
43	2294	1.669936E+00	7	11	
43	2434	1.754862E+00	7	11	
43	2619	1.869060E+00	7	11	
43	3812	2.522342E+00	7	11	
44	1310	1.080565E+00	7	17	
45	1339	1.099892E+00	7	11	
46	1358	1.110377E+00	7	11	
46	4416	2.838537E+00	7	11	
47	1392	1.134413E+00	5	11	
47	1535	1.221253E+00	5	11	
47	1594	1.259369E+00	5	11	
47	1844	1.402651E+00	5	11	
47	2127	1.563127E+00	5	11	
47	2838	1.999446E+00	5	11	
48	1403	1.138899E+00	7	21	
49	1438	1.161389E+00	7	11	
49	2708	1.926961E+00	7	11	
49	3161	2.176444E+00	7	11	
49	3315	2.268071E+00	7	11	
50	1460	1.173368E+00	9	18	
51	1463	1.175512E+00	6	14	
51	2518	1.808193E+00	6	14	
52	1465	1.176630E+00	9	19	
53	1480	1.185638E+00	11	29	
53	4377	2.817741E+00	11	29	
54	1492	1.191038E+00	9	20	
54	3837	2.537056E+00	9	20	
55	1495	1.193468E+00	5	15	
56	1502	1.197959E+00	7	19	
56	3210	2.208206E+00	7	19	
56	3604	2.412331E+00	7	19	
57	1506	1.199585E+00	5	13	
58	1515	1.208203E+00	9	31	
59	1522	1.213222E+00	7	11	
60	1541	1.225073E+00	7	22	
61	1554	1.232550E+00	7	13	
61	1990	1.482712E+00	7	13	
61	2113	1.551537E+00	7	13	
62	1562	1.238477E+00	5	13	
62	1873	1.421023E+00	5	13	
62	4378	2.818703E+00	5	13	
63	1563	1.238809E+00	7	13	
64	1595	1.259422E+00	5	13	
64	3562	2.394166E+00	5	13	
64	3651	2.438636E+00	5	13	
65	1613	1.269627E+00	9	16	
66	1629	1.276842E+00	7	11	
67	1644	1.284414E+00	7	19	
68	1645	1.284741E+00	9	26	
69	1648	1.285509E+00	7	22	
70	1677	1.306105E+00	9	14	
71	1689	1.313203E+00	9	16	
71	2908	2.040280E+00	9	16	
72	1700	1.315831E+00	7	16	
72	2701	1.924067E+00	7	16	
72	3537	2.383929E+00	7	16	
72	3620	2.425602E+00	7	16	
72	4935	3.086874E+00	7	16	
73	1701	1.315928E+00	11	25	
74	1711	1.324322E+00	7	16	
75	1719	1.327655E+00	7	14	
76	1721	1.328479E+00	7	22	
77	1726	1.330022E+00	7	22	
77	2321	1.681510E+00	7	22	
77	2501	1.795042E+00	7	22	
77	2898	2.036194E+00	7	22	
78	1739	1.338733E+00	7	13	
79	1770	1.353468E+00	9	35	
79	2606	1.860171E+00	9	35	
79	3340	2.287546E+00	9	35	
80	1775	1.356641E+00	11	30	
81	1793	1.365876E+00	7	17	
81	1878	1.423573E+00	7	17	
81	1904	1.438057E+00	7	17	
81	2366	1.709162E+00	7	17	
81	2383	1.718846E+00	7	17	
82	1817	1.382211E+00	5	18	
83	1836	1.396627E+00	5	16	
84	1849	1.405618E+00	9	30	
85	1860	1.413525E+00	7	19	
86	1863	1.416198E+00	7	16	
87	1883	1.428546E+00	7	21	
88	1894	1.431914E+00	11	22	
88	2317	1.678184E+00	11	22	
88	3728	2.476173E+00	11	22	
88	4659	2.947773E+00	11	22	
89	1906	1.438397E+00	9	27	
90	1907	1.439664E+00	9	19	
91	1908	1.440203E+00	7	18	
92	1930	1.456294E+00	13	28	
92	3915	2.573578E+00	13	28	
93	1933	1.458579E+00	5	13	
93	2223	1.622940E+00	5	13	
93	2313	1.677854E+00	5	13	
93	2535	1.817453E+00	5	13	
93	2659	1.895340E+00	5	13	
94	1939	1.460588E+00	7	13	
94	2173	1.595638E+00	7	13	
95	1943	1.461546E+00	7	21	
96	1950	1.464762E+00	9	22	
97	1973	1.476235E+00	7	20	
98	1975	1.476917E+00	9	20	
99	1983	1.479639E+00	9	21	
100	1986	1.481669E+00	8	24	
101	2000	1.487831E+00	9	28	
102	2004	1.489429E+00	7	17	
102	2036	1.514835E+00	7	17	
102	2622	1.872936E+00	7	17	
103	2017	1.498854E+00	9	27	
104	2023	1.505604E+00	9	25	
104	3311	2.266135E+00	9	25	
104	3532	2.380911E+00	9	25	
104	3626	2.427432E+00	9	25	
104	4975	3.108723E+00	9	25	
105	2024	1.506086E+00	8	16	
106	2026	1.508592E+00	11	52	
107	2027	1.509574E+00	7	19	
108	2041	1.519464E+00	7	19	
109	2044	1.520107E+00	9	33	
110	2045	1.520546E+00	7	13	
110	4020	2.628937E+00	7	13	
111	2054	1.523762E+00	9	23	
112	2057	1.525192E+00	9	31	
113	2069	1.529523E+00	9	20	
114	2083	1.536951E+00	9	23	
114	2632	1.879087E+00	9	23	
115	2097	1.542128E+00	5	13	
116	2098	1.543125E+00	7	13	
117	2104	1.546013E+00	9	28	
118	2119	1.555146E+00	11	36	
119	2121	1.556644E+00	5	18	
120	2151	1.579881E+00	7	16	
121	2152	1.580739E+00	9	25	
122	2174	1.595639E+00	10	40	
123	2186	1.607666E+00	7	16	
123	2331	1.692413E+00	7	16	
123	2378	1.715456E+00	7	16	
123	2629	1.876362E+00	7	16	
123	2799	1.978666E+00	7	16	
123	3201	2.199914E+00	7	16	
123	3269	2.246001E+00	7	16	
124	2199	1.613104E+00	11	55	
125	2213	1.619045E+00	9	27	
126	2216	1.620286E+00	7	21	
127	2219	1.621694E+00	9	23	
127	2382	1.718237E+00	9	23	
127	3713	2.466807E+00	9	23	
127	4018	2.627395E+00	9	23	
127	4335	2.792547E+00	9	23	
127	4610	2.926951E+00	9	23	
128	2230	1.626090E+00	5	15	
129	2233	1.626318E+00	7	16	
130	2240	1.630252E+00	11	25	
131	2246	1.635100E+00	5	13	
132	2251	1.641372E+00	7	19	
133	2263	1.648171E+00	5	13	
133	4702	2.966087E+00	5	13	
134	2282	1.660924E+00	9	53	
135	2290	1.665981E+00	10	30	
136	2291	1.666185E+00	9	28	
137	2293	1.669435E+00	7	16	
137	2388	1.723645E+00	7	16	
138	2302	1.673581E+00	5	18	
138	2435	1.755265E+00	5	18	
139	2314	1.677866E+00	11	42	
140	2338	1.698099E+00	11	39	
141	2350	1.702989E+00	7	14	
142	2358	1.706344E+00	7	14	
142	2695	1.917034E+00	7	14	
143	2361	1.707105E+00	7	13	
144	2369	1.710211E+00	9	14	
145	2371	1.711053E+00	7	24	
146	2372	1.711318E+00	7	16	
146	2867	2.016511E+00	7	16	
147	2374	1.712851E+00	10	40	
148	2375	1.714816E+00	11	31	
148	2893	2.035073E+00	11	31	
148	4227	2.735372E+00	11	31	
148	4560	2.906009E+00	11	31	
149	2381	1.717466E+00	7	14	
149	3988	2.616419E+00	7	14	
150	2394	1.728102E+00	9	20	
150	3803	2.518269E+00	9	20	
151	2403	1.734218E+00	7	16	
152	2420	1.747455E+00	7	14	
152	3454	2.343037E+00	7	14	
153	2425	1.748823E+00	9	41	
154	2426	1.749029E+00	7	16	
154	3100	2.145644E+00	7	16	
155	2432	1.752429E+00	9	23	
155	3021	2.096231E+00	9	23	
155	3600	2.411616E+00	9	23	
156	2453	1.762842E+00	7	13	
157	2474	1.776897E+00	11	39	
158	2478	1.778152E+00	9	22	
159	2490	1.785335E+00	7	14	
159	2905	2.038298E+00	7	14	
160	2494	1.788600E+00	7	20	
161	2502	1.795440E+00	9	27	
162	2509	1.802341E+00	8	25	
163	2520	1.810076E+00	13	67	
163	3543	2.387864E+00	13	67	
164	2528	1.815203E+00	9	34	
165	2531	1.815874E+00	11	58	
166	2538	1.818564E+00	7	14	
167	2549	1.823430E+00	10	38	
168	2550	1.824264E+00	9	30	
168	3130	2.161205E+00	9	30	
169	2556	1.826274E+00	5	10	
169	2816	1.988215E+00	5	10	
169	3004	2.091157E+00	5	10	
169	3441	2.335780E+00	5	10	
170	2563	1.831213E+00	9	30	
171	2564	1.831698E+00	11	26	
172	2566	1.833727E+00	13	67	
173	2580	1.842515E+00	7	19	
174	2584	1.847315E+00	9	30	
174	3193	2.195904E+00	9	30	
175	2616	1.867931E+00	9	26	
175	2720	1.935576E+00	9	26	
175	2900	2.036949E+00	9	26	
175	4661	2.949509E+00	9	26	
176	2617	1.868803E+00	5	15	
177	2621	1.870237E+00	11	48	
177	3799	2.516858E+00	11	48	
178	2624	1.873486E+00	7	17	
179	2651	1.891030E+00	9	24	
180	2653	1.891584E+00	9	20	
181	2654	1.891819E+00	11	54	
181	2985	2.079718E+00	11	54	
182	2661	1.896612E+00	9	28	
183	2667	1.899186E+00	13	55	
184	2668	1.900483E+00	9	33	
185	2672	1.902635E+00	7	18	
186	2685	1.910880E+00	7	15	
187	2692	1.913972E+00	7	25	
188	2696	1.918342E+00	11	36	
189	2698	1.922145E+00	13	50	
189	3760	2.495629E+00	13	50	
190	2716	1.933453E+00	9	20	
191	2719	1.935449E+00	7	19	
192	2722	1.936164E+00	7	16	
193	2725	1.938423E+00	11	39	
194	2753	1.954702E+00	11	50	
195	2771	1.963031E+00	7	11	
196	2776	1.966176E+00	5	18	
197	2777	1.966462E+00	11	39	
198	2780	1.967518E+00	7	11	
199	2790	1.974607E+00	7	13	
200	2801	1.980419E+00	7	19	
201	2812	1.985574E+00	7	17	
202	2814	1.987525E+00	11	36	
203	2821	1.990224E+00	11	33	
203	3286	2.253445E+00	11	33	
203	4379	2.818740E+00	11	33	
204	2825	1.993872E+00	9	25	
204	2887	2.031116E+00	9	25	
204	3072	2.129829E+00	9	25	
205	2835	1.997842E+00	10	38	
206	2861	2.012676E+00	11	43	
207	2862	2.012807E+00	11	39	
207	4559	2.905392E+00	11	39	
208	2866	2.014769E+00	12	51	
209	2873	2.018969E+00	9	26	
210	2876	2.021226E+00	7	24	
211	2885	2.030663E+00	11	36	
212	2914	2.043686E+00	7	43	
213	2916	2.045811E+00	7	24	
213	3290	2.255185E+00	7	24	
214	2922	2.049881E+00	9	31	
215	2927	2.053986E+00	7	32	
216	2931	2.055140E+00	7	14	
217	2939	2.057858E+00	7	13	
218	2940	2.058077E+00	9	20	
219	2942	2.059176E+00	7	16	
220	2943	2.059335E+00	9	28	
221	2956	2.063912E+00	11	47	
222	2962	2.065333E+00	13	65	
223	2963	2.065404E+00	11	30	
224	2966	2.067867E+00	11	56	
224	3433	2.333255E+00	11	56	
225	2983	2.078088E+00	13	41	
226	2986	2.080256E+00	11	32	
226	4058	2.651962E+00	11	32	
227	2990	2.082634E+00	11	38	
228	2995	2.084811E+00	7	23	
229	2997	2.086762E+00	7	27	
230	2998	2.087720E+00	7	24	
231	3000	2.088602E+00	11	41	
232	3012	2.093631E+00	14	53	
233	3057	2.118674E+00	11	34	
234	3058	2.119694E+00	9	16	
235	3080	2.132138E+00	11	37	
235	3446	2.337178E+00	11	37	
235	4067	2.655347E+00	11	37	
236	3084	2.134498E+00	11	30	
237	3106	2.150347E+00	9	46	
238	3133	2.162722E+00	7	11	
238	3206	2.204462E+00	7	11	
238	3690	2.458040E+00	7	11	
238	3941	2.591961E+00	7	11	
239	3136	2.163586E+00	7	34	
240	3138	2.165666E+00	12	66	
241	3145	2.170005E+00	9	30	
242	3147	2.170684E+00	7	19	
243	3151	2.172025E+00	11	39	
244	3162	2.176775E+00	9	20	
245	3168	2.181197E+00	11	36	
245	4493	2.872289E+00	11	36	
246	3173	2.185416E+00	15	45	
246	3586	2.403665E+00	15	45	
247	3185	2.191233E+00	9	27	
248	3196	2.196686E+00	11	29	
249	3203	2.200114E+00	9	21	
250	3205	2.204442E+00	9	33	
250	3419	2.327324E+00	9	33	
250	4734	2.985116E+00	9	33	
251	3225	2.219632E+00	9	19	
252	3244	2.228848E+00	7	20	
253	3255	2.236123E+00	7	29	
254	3256	2.236719E+00	9	26	
255	3257	2.237335E+00	13	52	
256	3283	2.252554E+00	11	45	
257	3293	2.258089E+00	9	19	
258	3295	2.258801E+00	11	41	
259	3302	2.261411E+00	13	86	
260	3305	2.264091E+00	7	19	
261	3306	2.264422E+00	15	75	
262	3308	2.265663E+00	13	60	
263	3309	2.265902E+00	9	23	
264	3320	2.272397E+00	9	35	
265	3332	2.281311E+00	11	38	
265	3549	2.388869E+00	11	38	
265	4082	2.661948E+00	11	38	
266	3341	2.287771E+00	9	23	
267	3346	2.289866E+00	10	59	
268	3353	2.293623E+00	9	20	
269	3357	2.296531E+00	7	19	
270	3362	2.300611E+00	9	36	
271	3375	2.306882E+00	11	34	
272	3381	2.311073E+00	9	27	
273	3385	2.312697E+00	11	37	
274	3401	2.321290E+00	9	36	
275	3409	2.324451E+00	9	45	
276	3411	2.325156E+00	9	22	
277	3414	2.325617E+00	15	90	
278	3416	2.326038E+00	7	22	
279	3420	2.328120E+00	7	18	
280	3421	2.328208E+00	7	19	
281	3429	2.331191E+00	7	16	
282	3444	2.336083E+00	11	67	
283	3457	2.344248E+00	7	14	
283	4788	3.016762E+00	7	14	
284	3459	2.346012E+00	9	29	
285	3469	2.353299E+00	11	62	
286	3471	2.354002E+00	9	24	
287	3479	2.357333E+00	7	16	
288	3483	2.358040E+00	13	83	
289	3490	2.362977E+00	11	44	
290	3495	2.363954E+00	10	29	
291	3504	2.368501E+00	15	64	
291	4362	2.804985E+00	15	64	
292	3514	2.374536E+00	9	41	
293	3518	2.375535E+00	15	56	
294	3519	2.375928E+00	11	26	
295	3523	2.376796E+00	11	22	
296	3525	2.378760E+00	11	28	
296	4786	3.013924E+00	11	28	
297	3533	2.381243E+00	7	16	
298	3535	2.383012E+00	7	16	
299	3552	2.390127E+00	9	25	
300	3583	2.401174E+00	7	19	
301	3596	2.407544E+00	7	21	
302	3598	2.410532E+00	10	25	
303	3601	2.411832E+00	11	30	
304	3605	2.414185E+00	13	41	
305	3606	2.415944E+00	7	21	
306	3617	2.423644E+00	9	45	
307	3625	2.427036E+00	13	65	
308	3632	2.430149E+00	7	14	
309	3639	2.431133E+00	11	34	
310	3644	2.434155E+00	9	36	
311	3652	2.438654E+00	11	55	
312	3658	2.441135E+00	9	17	
312	3884	2.559805E+00	9	17	
313	3664	2.447717E+00	14	84	
314	3666	2.448843E+00	11	29	
315	3675	2.453934E+00	9	42	
316	3699	2.461410E+00	16	87	
317	3701	2.461711E+00	8	22	
318	3703	2.462334E+00	7	24	
319	3705	2.464296E+00	12	59	
320	3706	2.464686E+00	11	62	
321	3709	2.466211E+00	11	31	
322	3710	2.466437E+00	15	62	
323	3724	2.474925E+00	13	51	
324	3733	2.478940E+00	13	58	
325	3734	2.479743E+00	13	32	
326	3735	2.480584E+00	7	14	
327	3740	2.483809E+00	9	31	
328	3750	2.491131E+00	7	20	
329	3755	2.493143E+00	15	53	
330	3768	2.499854E+00	11	27	
331	3772	2.503923E+00	11	75	
332	3773	2.504108E+00	9	19	
333	3774	2.504581E+00	7	23	
334	3786	2.510165E+00	11	34	
334	4197	2.718515E+00	11	34	
334	4430	2.843322E+00	11	34	
335	3797	2.516093E+00	12	63	
336	3801	2.517946E+00	11	50	
336	4148	2.693808E+00	11	50	
337	3805	2.520314E+00	13	48	
337	4139	2.689795E+00	13	48	
337	4757	2.996965E+00	13	48	
338	3807	2.521247E+00	9	44	
339	3825	2.526384E+00	9	17	
340	3838	2.537733E+00	11	47	
341	3839	2.538400E+00	11	62	
342	3840	2.538442E+00	11	34	
343	3842	2.540727E+00	7	21	
344	3851	2.544545E+00	9	47	
345	3852	2.545061E+00	10	33	
346	3863	2.548274E+00	12	74	
347	3866	2.551278E+00	13	68	
348	3877	2.556076E+00	13	67	
349	3881	2.558734E+00	7	14	
350	3882	2.558793E+00	11	68	
351	3899	2.567616E+00	13	73	
352	3903	2.569866E+00	14	64	
353	3905	2.570034E+00	13	79	
354	3911	2.571325E+00	11	39	
355	3918	2.574972E+00	11	42	
356	3929	2.583315E+00	11	39	
357	3934	2.585658E+00	15	76	
358	3937	2.586695E+00	13	42	
359	3938	2.588855E+00	11	50	
360	3942	2.593490E+00	11	54	
361	3947	2.595448E+00	13	83	
362	3948	2.596067E+00	7	19	
363	3951	2.596861E+00	11	71	
364	3962	2.602533E+00	9	33	
365	3971	2.608151E+00	11	30	
366	3972	2.608729E+00	11	50	
367	3975	2.611233E+00	11	38	
368	3979	2.612253E+00	11	70	
369	3994	2.617596E+00	13	40	
370	3995	2.618107E+00	11	34	
371	4001	2.621067E+00	9	26	
372	4004	2.621832E+00	12	52	
373	4024	2.631926E+00	12	56	
374	4031	2.639855E+00	9	31	
375	4034	2.640373E+00	15	108	
376	4035	2.641070E+00	9	40	
377	4041	2.644152E+00	15	78	
378	4057	2.651168E+00	13	47	
379	4081	2.661663E+00	11	79	
380	4086	2.664755E+00	11	40	
381	4089	2.665052E+00	7	17	
382	4091	2.665698E+00	7	22	
383	4092	2.665748E+00	11	37	
383	4775	3.005892E+00	11	37	
384	4093	2.665782E+00	13	112	
385	4097	2.666857E+00	9	42	
386	4099	2.667520E+00	14	141	
387	4105	2.669484E+00	13	35	
388	4108	2.670465E+00	12	62	
389	4110	2.671824E+00	13	49	
390	4111	2.672500E+00	11	80	
391	4114	2.674646E+00	13	47	
392	4116	2.675261E+00	12	57	
393	4121	2.678171E+00	9	49	
394	4123	2.679749E+00	13	61	
395	4126	2.682690E+00	9	67	
396	4132	2.686009E+00	9	18	
397	4147	2.693685E+00	12	60	
398	4155	2.698567E+00	11	33	
399	4162	2.702836E+00	7	26	
400	4163	2.703235E+00	7	16	
401	4166	2.704067E+00	13	58	
402	4171	2.706061E+00	13	53	
403	4181	2.711349E+00	9	40	
404	4186	2.714091E+00	7	22	
405	4187	2.715660E+00	7	16	
406	4188	2.716115E+00	13	61	
407	4192	2.716860E+00	7	17	
408	4200	2.720411E+00	13	91	
409	4207	2.724927E+00	13	46	
410	4211	2.727689E+00	13	74	
411	4213	2.728485E+00	10	34	
412	4225	2.734512E+00	13	77	
413	4234	2.738166E+00	11	60	
414	4241	2.740165E+00	15	118	
415	4254	2.745637E+00	11	46	
416	4258	2.749612E+00	17	103	
417	4261	2.751850E+00	13	47	
418	4262	2.752694E+00	12	41	
419	4275	2.760621E+00	9	34	
420	4282	2.763593E+00	15	103	
421	4283	2.763664E+00	13	59	
422	4285	2.765467E+00	9	14	
423	4291	2.766583E+00	12	72	
424	4295	2.767193E+00	13	32	
425	4304	2.774606E+00	12	36	
426	4307	2.776866E+00	11	34	
427	4310	2.779961E+00	9	54	
428	4314	2.780556E+00	11	52	
429	4326	2.790433E+00	13	77	
430	4337	2.793176E+00	17	149	
431	4343	2.797577E+00	15	64	
432	4348	2.798802E+00	7	27	
433	4353	2.800861E+00	11	86	
434	4355	2.801849E+00	14	37	
435	4365	2.807357E+00	15	75	
436	4380	2.819004E+00	12	64	
437	4386	2.822659E+00	9	25	
438	4387	2.823428E+00	15	91	
439	4390	2.825245E+00	11	41	
440	4398	2.829855E+00	9	29	
441	4411	2.834840E+00	13	63	
442	4418	2.839709E+00	9	24	
443	4420	2.839968E+00	13	58	
444	4421	2.840101E+00	10	43	
445	4422	2.840627E+00	16	90	
446	4425	2.842242E+00	13	79	
446	4904	3.070392E+00	13	79	
447	4429	2.843186E+00	9	21	
448	4437	2.846542E+00	11	29	
449	4456	2.855498E+00	13	43	
450	4459	2.857183E+00	13	43	
451	4462	2.858152E+00	7	23	
452	4464	2.858824E+00	15	82	
453	4484	2.869606E+00	15	93	
454	4491	2.871501E+00	13	57	
455	4510	2.879639E+00	14	107	
456	4515	2.882461E+00	15	130	
457	4517	2.884005E+00	13	59	
458	4521	2.885734E+00	13	59	
459	4527	2.886886E+00	11	37	
460	4530	2.887507E+00	13	85	
461	4533	2.889343E+00	9	42	
462	4542	2.893566E+00	9	28	
463	4544	2.894163E+00	9	20	
464	4550	2.898843E+00	13	42	
465	4554	2.900180E+00	9	35	
466	4555	2.900358E+00	17	54	
467	4573	2.909053E+00	9	25	
468	4583	2.914707E+00	9	47	
469	4584	2.914890E+00	9	40	
470	4586	2.916653E+00	13	103	
471	4593	2.918427E+00	7	13	
472	4600	2.921640E+00	17	116	
473	4603	2.923836E+00	13	79	
474	4618	2.930369E+00	17	86	
475	4619	2.930904E+00	13	77	
476	4621	2.930946E+00	17	167	
477	4622	2.931074E+00	15	133	
478	4626	2.932259E+00	15	119	
478	4866	3.048299E+00	15	119	
479	4632	2.934254E+00	7	16	
480	4634	2.934467E+00	13	73	
481	4642	2.938609E+00	9	19	
482	4646	2.939841E+00	13	76	
483	4656	2.945038E+00	13	115	
484	4657	2.946694E+00	15	70	
485	4667	2.951560E+00	19	140	
486	4671	2.952994E+00	17	84	
487	4672	2.953294E+00	13	80	
488	4679	2.955208E+00	11	34	
489	4689	2.959554E+00	11	74	
490	4695	2.963137E+00	11	53	
491	4699	2.965398E+00	11	37	
492	4707	2.968208E+00	13	85	
493	4718	2.974711E+00	15	127	
494	4719	2.974968E+00	9	38	
495	4723	2.975881E+00	9	30	
496	4725	2.976903E+00	11	42	
497	4727	2.978458E+00	11	71	
498	4736	2.985608E+00	15	136	
499	4737	2.985631E+00	9	22	
500	4745	2.989351E+00	16	78	
501	4750	2.992079E+00	11	26	
502	4751	2.992830E+00	11	23	
503	4754	2.995596E+00	11	82	
504	4756	2.996870E+00	14	77	
505	4759	2.999097E+00	9	22	
506	4765	3.000484E+00	15	43	
507	4768	3.002659E+00	15	141	
508	4770	3.003295E+00	15	72	
509	4776	3.005900E+00	7	11	
510	4780	3.009456E+00	18	93	
511	4801	3.023879E+00	9	29	
512	4803	3.024464E+00	15	81	
513	4804	3.025059E+00	17	64	
514	4815	3.028414E+00	15	85	
515	4820	3.029650E+00	11	29	
516	4822	3.029979E+00	14	79	
517	4824	3.030374E+00	9	52	
518	4826	3.030889E+00	11	65	
519	4833	3.033899E+00	13	70	
520	4837	3.036457E+00	13	79	
521	4844	3.039701E+00	11	60	
522	4845	3.039703E+00	13	64	
523	4849	3.040671E+00	15	115	
524	4862	3.046552E+00	15	89	
525	4868	3.048787E+00	11	56	
526	4876	3.055287E+00	9	23	
527	4882	3.060662E+00	11	50	
528	4883	3.060976E+00	11	66	
529	4884	3.061644E+00	13	78	
530	4885	3.062388E+00	17	177	
531	4893	3.065016E+00	11	33	
532	4898	3.066939E+00	11	69	
533	4913	3.072724E+00	13	47	
534	4920	3.077611E+00	13	108	
535	4928	3.083434E+00	11	26	
536	4940	3.088606E+00	7	14	
537	4948	3.093436E+00	9	36	
538	4954	3.095198E+00	13	68	
539	4962	3.099408E+00	15	113	
540	4965	3.101237E+00	17	174	
541	4972	3.105232E+00	13	55	
542	4981	3.111698E+00	19	142	
543	4990	3.116200E+00	12	75	
544	4993	3.116898E+00	11	37	
545	4995	3.118100E+00	11	44	
546	4996	3.118329E+00	17	90	
547	4998	3.120051E+00	12	64	
548	5000	3.121611E+00	15	115	
