#id	E	T		depth	size	
0	29	3.056438E-02	3	5	
0	75	7.198867E-02	3	5	
0	85	8.543774E-02	3	5	
0	88	8.958617E-02	3	5	
0	103	1.065915E-01	3	5	
0	104	1.068983E-01	3	5	
0	114	1.184598E-01	3	5	
0	122	1.262471E-01	3	5	
0	136	1.351465E-01	3	5	
0	144	1.445070E-01	3	5	
0	149	1.475210E-01	3	5	
0	152	1.492465E-01	3	5	
0	165	1.685228E-01	3	5	
0	181	1.832239E-01	3	5	
0	201	2.012877E-01	3	5	
0	209	2.078045E-01	3	5	
0	210	2.082041E-01	3	5	
0	213	2.108295E-01	3	5	
0	215	2.123458E-01	3	5	
0	217	2.133037E-01	3	5	
0	221	2.191862E-01	3	5	
0	224	2.251965E-01	3	5	
0	230	2.318729E-01	3	5	
0	236	2.380584E-01	3	5	
0	248	2.454924E-01	3	5	
0	251	2.475591E-01	3	5	
0	255	2.519801E-01	3	5	
0	274	2.703395E-01	3	5	
0	278	2.762607E-01	3	5	
0	279	2.767558E-01	3	5	
0	282	2.816700E-01	3	5	
0	283	2.821141E-01	3	5	
0	287	2.861824E-01	3	5	
0	295	2.926621E-01	3	5	
0	308	3.009999E-01	3	5	
0	315	3.113085E-01	3	5	
0	324	3.187243E-01	3	5	
0	326	3.224080E-01	3	5	
0	328	3.233849E-01	3	5	
0	335	3.289953E-01	3	5	
0	343	3.347633E-01	3	5	
0	347	3.380890E-01	3	5	
0	348	3.382521E-01	3	5	
0	351	3.393366E-01	3	5	
0	355	3.415160E-01	3	5	
0	367	3.474770E-01	3	5	
0	368	3.476715E-01	3	5	
0	371	3.504431E-01	3	5	
0	373	3.513836E-01	3	5	
0	379	3.574793E-01	3	5	
0	386	3.629365E-01	3	5	
0	397	3.723031E-01	3	5	
0	400	3.750659E-01	3	5	
0	407	3.808826E-01	3	5	
0	408	3.811232E-01	3	5	
0	416	3.862913E-01	3	5	
0	433	4.125086E-01	3	5	
0	443	4.176826E-01	3	5	
0	445	4.227240E-01	3	5	
0	451	4.273900E-01	3	5	
0	456	4.301375E-01	3	5	
0	464	4.357061E-01	3	5	
0	472	4.440124E-01	3	5	
0	479	4.470174E-01	3	5	
0	481	4.482542E-01	3	5	
0	490	4.544663E-01	3	5	
0	498	4.615062E-01	3	5	
0	508	4.763478E-01	3	5	
0	511	4.793493E-01	3	5	
0	516	4.828359E-01	3	5	
0	517	4.829580E-01	3	5	
0	520	4.847468E-01	3	5	
0	535	4.925956E-01	3	5	
0	540	4.965353E-01	3	5	
0	541	4.976562E-01	3	5	
0	542	4.987580E-01	3	5	
0	543	4.990305E-01	3	5	
0	545	4.996081E-01	3	5	
0	546	4.997942E-01	3	5	
0	556	5.132231E-01	3	5	
0	559	5.156533E-01	3	5	
0	560	5.158751E-01	3	5	
0	565	5.185051E-01	3	5	
0	570	5.268259E-01	3	5	
0	582	5.371283E-01	3	5	
0	584	5.387465E-01	3	5	
0	588	5.411012E-01	3	5	
0	596	5.482278E-01	3	5	
0	602	5.545902E-01	3	5	
0	607	5.604579E-01	3	5	
0	619	5.677924E-01	3	5	
0	625	5.784548E-01	3	5	
0	628	5.794789E-01	3	5	
0	637	5.869001E-01	3	5	
0	640	5.906276E-01	3	5	
0	648	5.966581E-01	3	5	
0	652	6.024162E-01	3	5	
0	666	6.203457E-01	3	5	
0	669	6.225614E-01	3	5	
0	685	6.324434E-01	3	5	
0	689	6.364590E-01	3	5	
0	695	6.379959E-01	3	5	
0	696	6.380571E-01	3	5	
0	698	6.410875E-01	3	5	
0	700	6.424133E-01	3	5	
0	710	6.512363E-01	3	5	
0	712	6.527944E-01	3	5	
0	713	6.532416E-01	3	5	
0	714	6.543236E-01	3	5	
0	715	6.547745E-01	3	5	
0	716	6.556623E-01	3	5	
0	726	6.620365E-01	3	5	
0	732	6.694952E-01	3	5	
0	735	6.713884E-01	3	5	
0	737	6.718079E-01	3	5	
0	740	6.769117E-01	3	5	
0	741	6.770958E-01	3	5	
0	748	6.809918E-01	3	5	
0	749	6.816026E-01	3	5	
0	751	6.839578E-01	3	5	
0	753	6.849168E-01	3	5	
0	754	6.850162E-01	3	5	
0	758	6.866916E-01	3	5	
0	773	6.996278E-01	3	5	
0	778	7.024974E-01	3	5	
0	788	7.098164E-01	3	5	
0	792	7.120206E-01	3	5	
0	810	7.229260E-01	3	5	
0	826	7.410118E-01	3	5	
0	830	7.450606E-01	3	5	
0	833	7.481881E-01	3	5	
0	834	7.486006E-01	3	5	
0	836	7.516582E-01	3	5	
0	863	7.654397E-01	3	5	
0	869	7.712891E-01	3	5	
0	873	7.726180E-01	3	5	
0	875	7.736269E-01	3	5	
0	880	7.767837E-01	3	5	
0	888	7.844747E-01	3	5	
0	899	7.912649E-01	3	5	
0	906	7.932615E-01	3	5	
0	907	7.944724E-01	3	5	
0	911	7.981381E-01	3	5	
0	913	7.988979E-01	3	5	
0	921	8.011154E-01	3	5	
0	923	8.014003E-01	3	5	
0	927	8.025838E-01	3	5	
0	931	8.048896E-01	3	5	
0	940	8.184633E-01	3	5	
0	952	8.282467E-01	3	5	
0	962	8.348825E-01	3	5	
0	969	8.415524E-01	3	5	
0	989	8.568341E-01	3	5	
0	996	8.619695E-01	3	5	
0	1000	8.652286E-01	3	5	
0	1008	8.710528E-01	3	5	
0	1013	8.722748E-01	3	5	
0	1016	8.739045E-01	3	5	
0	1025	8.783523E-01	3	5	
0	1047	8.929319E-01	3	5	
0	1048	8.970981E-01	3	5	
0	1049	8.975582E-01	3	5	
0	1050	8.981624E-01	3	5	
0	1051	8.988194E-01	3	5	
0	1055	9.011087E-01	3	5	
0	1057	9.035147E-01	3	5	
0	1060	9.049182E-01	3	5	
0	1062	9.082640E-01	3	5	
0	1064	9.092695E-01	3	5	
0	1065	9.096964E-01	3	5	
0	1066	9.107443E-01	3	5	
0	1069	9.122737E-01	3	5	
0	1073	9.149291E-01	3	5	
0	1074	9.172808E-01	3	5	
0	1090	9.254580E-01	3	5	
0	1100	9.312523E-01	3	5	
0	1102	9.314665E-01	3	5	
0	1117	9.404544E-01	3	5	
0	1126	9.474857E-01	3	5	
0	1133	9.559505E-01	3	5	
0	1137	9.581103E-01	3	5	
0	1140	9.623302E-01	3	5	
0	1143	9.639193E-01	3	5	
0	1164	9.812549E-01	3	5	
0	1175	9.855862E-01	3	5	
0	1180	9.896237E-01	3	5	
0	1185	9.973622E-01	3	5	
0	1186	9.973743E-01	3	5	
0	1187	9.978358E-01	3	5	
0	1188	9.995220E-01	3	5	
0	1193	1.000514E+00	3	5	
0	1195	1.000715E+00	3	5	
0	1200	1.004624E+00	3	5	
0	1204	1.005555E+00	3	5	
0	1212	1.009702E+00	3	5	
0	1230	1.021483E+00	3	5	
0	1233	1.024159E+00	3	5	
0	1236	1.025528E+00	3	5	
0	1238	1.027680E+00	3	5	
0	1245	1.032770E+00	3	5	
0	1248	1.033478E+00	3	5	
0	1250	1.034827E+00	3	5	
0	1270	1.052119E+00	3	5	
0	1279	1.056246E+00	3	5	
0	1289	1.065212E+00	3	5	
0	1292	1.066189E+00	3	5	
0	1295	1.067825E+00	3	5	
0	1297	1.070290E+00	3	5	
0	1307	1.076258E+00	3	5	
0	1310	1.080565E+00	3	5	
0	1316	1.083826E+00	3	5	
0	1320	1.086905E+00	3	5	
0	1332	1.094975E+00	3	5	
0	1339	1.099892E+00	3	5	
0	1343	1.100964E+00	3	5	
0	1344	1.101231E+00	3	5	
0	1358	1.110377E+00	3	5	
0	1372	1.115053E+00	3	5	
0	1378	1.119321E+00	3	5	
0	1384	1.125234E+00	3	5	
0	1388	1.130224E+00	3	5	
0	1392	1.134413E+00	3	5	
0	1394	1.135997E+00	3	5	
0	1400	1.138795E+00	3	5	
0	1411	1.145090E+00	3	5	
0	1412	1.146026E+00	3	5	
0	1425	1.154291E+00	3	5	
0	1426	1.154724E+00	3	5	
0	1431	1.156516E+00	3	5	
0	1438	1.161389E+00	3	5	
0	1454	1.170028E+00	3	5	
0	1460	1.173368E+00	3	5	
0	1463	1.175512E+00	3	5	
0	1464	1.176603E+00	3	5	
0	1465	1.176630E+00	3	5	
0	1470	1.179634E+00	3	5	
0	1474	1.183682E+00	3	5	
0	1480	1.185638E+00	3	5	
0	1482	1.186267E+00	3	5	
0	1485	1.187259E+00	3	5	
0	1486	1.188186E+00	3	5	
0	1490	1.189476E+00	3	5	
0	1492	1.191038E+00	3	5	
0	1498	1.195250E+00	3	5	
0	1502	1.197959E+00	3	5	
0	1506	1.199585E+00	3	5	
0	1509	1.203438E+00	3	5	
0	1514	1.206675E+00	3	5	
0	1515	1.208203E+00	3	5	
0	1522	1.213222E+00	3	5	
0	1535	1.221253E+00	3	5	
0	1537	1.222282E+00	3	5	
0	1554	1.232550E+00	3	5	
0	1555	1.232979E+00	3	5	
0	1562	1.238477E+00	3	5	
0	1563	1.238809E+00	3	5	
0	1566	1.240873E+00	3	5	
0	1591	1.257941E+00	3	5	
0	1594	1.259369E+00	3	5	
0	1598	1.260641E+00	3	5	
0	1608	1.268021E+00	3	5	
0	1613	1.269627E+00	3	5	
0	1614	1.270335E+00	3	5	
0	1625	1.275045E+00	3	5	
0	1627	1.275701E+00	3	5	
0	1629	1.276842E+00	3	5	
0	1639	1.282078E+00	3	5	
0	1648	1.285509E+00	3	5	
0	1657	1.290023E+00	3	5	
0	1675	1.301346E+00	3	5	
0	1677	1.306105E+00	3	5	
0	1678	1.306979E+00	3	5	
0	1689	1.313203E+00	3	5	
0	1699	1.315639E+00	3	5	
0	1700	1.315831E+00	3	5	
0	1704	1.318716E+00	3	5	
0	1714	1.325016E+00	3	5	
0	1715	1.325868E+00	3	5	
0	1719	1.327655E+00	3	5	
0	1721	1.328479E+00	3	5	
0	1733	1.333204E+00	3	5	
0	1736	1.334684E+00	3	5	
0	1739	1.338733E+00	3	5	
0	1744	1.340392E+00	3	5	
0	1750	1.344023E+00	3	5	
0	1754	1.345224E+00	3	5	
0	1764	1.351004E+00	3	5	
0	1770	1.353468E+00	3	5	
0	1775	1.356641E+00	3	5	
0	1780	1.360419E+00	3	5	
0	1793	1.365876E+00	3	5	
0	1795	1.366409E+00	3	5	
0	1798	1.369756E+00	3	5	
0	1804	1.373832E+00	3	5	
0	1807	1.374058E+00	3	5	
0	1811	1.375883E+00	3	5	
0	1812	1.379251E+00	3	5	
0	1817	1.382211E+00	3	5	
0	1833	1.395904E+00	3	5	
0	1836	1.396627E+00	3	5	
0	1844	1.402651E+00	3	5	
0	1858	1.412681E+00	3	5	
0	1860	1.413525E+00	3	5	
0	1864	1.416228E+00	3	5	
0	1871	1.418928E+00	3	5	
0	1873	1.421023E+00	3	5	
0	1878	1.423573E+00	3	5	
0	1894	1.431914E+00	3	5	
0	1902	1.437263E+00	3	5	
0	1904	1.438057E+00	3	5	
0	1907	1.439664E+00	3	5	
0	1908	1.440203E+00	3	5	
0	1909	1.440923E+00	3	5	
0	1921	1.451972E+00	3	5	
0	1939	1.460588E+00	3	5	
0	1943	1.461546E+00	3	5	
0	1945	1.461920E+00	3	5	
0	1946	1.462791E+00	3	5	
0	1948	1.462926E+00	3	5	
0	1962	1.468966E+00	3	5	
0	1973	1.476235E+00	3	5	
0	1975	1.476917E+00	3	5	
0	1983	1.479639E+00	3	5	
0	1986	1.481669E+00	3	5	
0	1987	1.481943E+00	3	5	
0	1990	1.482712E+00	3	5	
0	1993	1.484185E+00	3	5	
0	1998	1.486525E+00	3	5	
0	1999	1.486837E+00	3	5	
0	2000	1.487831E+00	3	5	
0	2009	1.491264E+00	3	5	
0	2012	1.491857E+00	3	5	
0	2015	1.497347E+00	3	5	
0	2027	1.509574E+00	3	5	
0	2039	1.516744E+00	3	5	
0	2045	1.520546E+00	3	5	
0	2054	1.523762E+00	3	5	
0	2063	1.527499E+00	3	5	
0	2077	1.531726E+00	3	5	
0	2083	1.536951E+00	3	5	
0	2086	1.538190E+00	3	5	
0	2097	1.542128E+00	3	5	
0	2098	1.543125E+00	3	5	
0	2100	1.544744E+00	3	5	
0	2103	1.545552E+00	3	5	
0	2104	1.546013E+00	3	5	
0	2113	1.551537E+00	3	5	
0	2126	1.562478E+00	3	5	
0	2127	1.563127E+00	3	5	
0	2150	1.579050E+00	3	5	
0	2151	1.579881E+00	3	5	
0	2152	1.580739E+00	3	5	
0	2164	1.589541E+00	3	5	
0	2171	1.594276E+00	3	5	
0	2172	1.595286E+00	3	5	
0	2173	1.595638E+00	3	5	
0	2174	1.595639E+00	3	5	
0	2186	1.607666E+00	3	5	
0	2199	1.613104E+00	3	5	
0	2216	1.620286E+00	3	5	
0	2219	1.621694E+00	3	5	
0	2223	1.622940E+00	3	5	
0	2230	1.626090E+00	3	5	
0	2233	1.626318E+00	3	5	
0	2251	1.641372E+00	3	5	
0	2270	1.652604E+00	3	5	
0	2273	1.653284E+00	3	5	
0	2290	1.665981E+00	3	5	
0	2294	1.669936E+00	3	5	
0	2302	1.673581E+00	3	5	
0	2313	1.677854E+00	3	5	
0	2314	1.677866E+00	3	5	
0	2317	1.678184E+00	3	5	
0	2321	1.681510E+00	3	5	
0	2326	1.687495E+00	3	5	
0	2331	1.692413E+00	3	5	
0	2335	1.696293E+00	3	5	
0	2340	1.700685E+00	3	5	
0	2347	1.702455E+00	3	5	
0	2350	1.702989E+00	3	5	
0	2353	1.704367E+00	3	5	
0	2366	1.709162E+00	3	5	
0	2369	1.710211E+00	3	5	
0	2371	1.711053E+00	3	5	
0	2382	1.718237E+00	3	5	
0	2383	1.718846E+00	3	5	
0	2391	1.725523E+00	3	5	
0	2395	1.729334E+00	3	5	
0	2396	1.729465E+00	3	5	
0	2405	1.735941E+00	3	5	
0	2420	1.747455E+00	3	5	
0	2426	1.749029E+00	3	5	
0	2427	1.749232E+00	3	5	
0	2430	1.750946E+00	3	5	
0	2432	1.752429E+00	3	5	
0	2434	1.754862E+00	3	5	
0	2435	1.755265E+00	3	5	
0	2453	1.762842E+00	3	5	
0	2463	1.769802E+00	3	5	
0	2478	1.778152E+00	3	5	
0	2494	1.788600E+00	3	5	
0	2502	1.795440E+00	3	5	
0	2509	1.802341E+00	3	5	
0	2518	1.808193E+00	3	5	
0	2530	1.815713E+00	3	5	
0	2531	1.815874E+00	3	5	
0	2535	1.817453E+00	3	5	
0	2538	1.818564E+00	3	5	
0	2549	1.823430E+00	3	5	
0	2556	1.826274E+00	3	5	
0	2562	1.830793E+00	3	5	
0	2564	1.831698E+00	3	5	
0	2566	1.833727E+00	3	5	
0	2571	1.837615E+00	3	5	
0	2576	1.840011E+00	3	5	
0	2578	1.840532E+00	3	5	
0	2580	1.842515E+00	3	5	
0	2616	1.867931E+00	3	5	
0	2617	1.868803E+00	3	5	
0	2619	1.869060E+00	3	5	
0	2620	1.869293E+00	3	5	
0	2621	1.870237E+00	3	5	
0	2624	1.873486E+00	3	5	
0	2629	1.876362E+00	3	5	
0	2632	1.879087E+00	3	5	
0	2651	1.891030E+00	3	5	
0	2653	1.891584E+00	3	5	
0	2669	1.900798E+00	3	5	
0	2672	1.902635E+00	3	5	
0	2685	1.910880E+00	3	5	
0	2696	1.918342E+00	3	5	
0	2698	1.922145E+00	3	5	
0	2701	1.924067E+00	3	5	
0	2708	1.926961E+00	3	5	
0	2711	1.928990E+00	3	5	
0	2722	1.936164E+00	3	5	
0	2725	1.938423E+00	3	5	
0	2729	1.940100E+00	3	5	
0	2752	1.954470E+00	3	5	
0	2753	1.954702E+00	3	5	
0	2771	1.963031E+00	3	5	
0	2777	1.966462E+00	3	5	
0	2780	1.967518E+00	3	5	
0	2799	1.978666E+00	3	5	
0	2801	1.980419E+00	3	5	
0	2812	1.985574E+00	3	5	
0	2816	1.988215E+00	3	5	
0	2827	1.994126E+00	3	5	
0	2838	1.999446E+00	3	5	
0	2849	2.004881E+00	3	5	
0	2850	2.005796E+00	3	5	
0	2861	2.012676E+00	3	5	
0	2866	2.014769E+00	3	5	
0	2873	2.018969E+00	3	5	
0	2876	2.021226E+00	3	5	
0	2900	2.036949E+00	3	5	
0	2902	2.037184E+00	3	5	
0	2903	2.037786E+00	3	5	
0	2908	2.040280E+00	3	5	
0	2915	2.045281E+00	3	5	
0	2916	2.045811E+00	3	5	
0	2927	2.053986E+00	3	5	
0	2931	2.055140E+00	3	5	
0	2936	2.056921E+00	3	5	
0	2939	2.057858E+00	3	5	
0	2942	2.059176E+00	3	5	
0	2944	2.059386E+00	3	5	
0	2983	2.078088E+00	3	5	
0	2986	2.080256E+00	3	5	
0	3002	2.090511E+00	3	5	
0	3004	2.091157E+00	3	5	
0	3012	2.093631E+00	3	5	
0	3021	2.096231E+00	3	5	
0	3042	2.108471E+00	3	5	
0	3057	2.118674E+00	3	5	
0	3091	2.140362E+00	3	5	
0	3100	2.145644E+00	3	5	
0	3102	2.146016E+00	3	5	
0	3106	2.150347E+00	3	5	
0	3111	2.152542E+00	3	5	
0	3117	2.155328E+00	3	5	
0	3136	2.163586E+00	3	5	
0	3147	2.170684E+00	3	5	
0	3149	2.171250E+00	3	5	
0	3151	2.172025E+00	3	5	
0	3153	2.172404E+00	3	5	
0	3161	2.176444E+00	3	5	
0	3162	2.176775E+00	3	5	
0	3182	2.190514E+00	3	5	
0	3185	2.191233E+00	3	5	
0	3193	2.195904E+00	3	5	
0	3196	2.196686E+00	3	5	
0	3199	2.198100E+00	3	5	
0	3201	2.199914E+00	3	5	
0	3203	2.200114E+00	3	5	
0	3234	2.224213E+00	3	5	
0	3244	2.228848E+00	3	5	
0	3256	2.236719E+00	3	5	
0	3266	2.241836E+00	3	5	
0	3279	2.249988E+00	3	5	
0	3283	2.252554E+00	3	5	
0	3286	2.253445E+00	3	5	
0	3289	2.255114E+00	3	5	
0	3290	2.255185E+00	3	5	
0	3293	2.258089E+00	3	5	
0	3295	2.258801E+00	3	5	
0	3302	2.261411E+00	3	5	
0	3305	2.264091E+00	3	5	
0	3306	2.264422E+00	3	5	
0	3311	2.266135E+00	3	5	
0	3315	2.268071E+00	3	5	
0	3340	2.287546E+00	3	5	
0	3341	2.287771E+00	3	5	
0	3353	2.293623E+00	3	5	
0	3357	2.296531E+00	3	5	
0	3375	2.306882E+00	3	5	
0	3381	2.311073E+00	3	5	
0	3401	2.321290E+00	3	5	
0	3420	2.328120E+00	3	5	
0	3429	2.331191E+00	3	5	
0	3441	2.335780E+00	3	5	
0	3444	2.336083E+00	3	5	
0	3446	2.337178E+00	3	5	
0	3454	2.343037E+00	3	5	
0	3495	2.363954E+00	3	5	
0	3499	2.366957E+00	3	5	
0	3514	2.374536E+00	3	5	
0	3518	2.375535E+00	3	5	
0	3523	2.376796E+00	3	5	
0	3525	2.378760E+00	3	5	
0	3533	2.381243E+00	3	5	
0	3537	2.383929E+00	3	5	
0	3552	2.390127E+00	3	5	
0	3578	2.400106E+00	3	5	
0	3585	2.401701E+00	3	5	
0	3586	2.403665E+00	3	5	
0	3598	2.410532E+00	3	5	
0	3604	2.412331E+00	3	5	
0	3606	2.415944E+00	3	5	
0	3620	2.425602E+00	3	5	
0	3626	2.427432E+00	3	5	
0	3639	2.431133E+00	3	5	
0	3658	2.441135E+00	3	5	
0	3666	2.448843E+00	3	5	
0	3675	2.453934E+00	3	5	
0	3699	2.461410E+00	3	5	
0	3701	2.461711E+00	3	5	
0	3705	2.464296E+00	3	5	
0	3709	2.466211E+00	3	5	
0	3713	2.466807E+00	3	5	
0	3728	2.476173E+00	3	5	
0	3733	2.478940E+00	3	5	
0	3735	2.480584E+00	3	5	
0	3740	2.483809E+00	3	5	
0	3750	2.491131E+00	3	5	
0	3768	2.499854E+00	3	5	
0	3773	2.504108E+00	3	5	
0	3774	2.504581E+00	3	5	
0	3805	2.520314E+00	3	5	
0	3807	2.521247E+00	3	5	
0	3812	2.522342E+00	3	5	
0	3818	2.525187E+00	3	5	
0	3825	2.526384E+00	3	5	
0	3833	2.531499E+00	3	5	
0	3838	2.537733E+00	3	5	
0	3842	2.540727E+00	3	5	
0	3851	2.544545E+00	3	5	
0	3856	2.545684E+00	3	5	
0	3881	2.558734E+00	3	5	
0	3899	2.567616E+00	3	5	
0	3915	2.573578E+00	3	5	
0	3947	2.595448E+00	3	5	
0	3948	2.596067E+00	3	5	
0	3979	2.612253E+00	3	5	
0	3995	2.618107E+00	3	5	
0	3998	2.620087E+00	3	5	
0	4004	2.621832E+00	3	5	
0	4018	2.627395E+00	3	5	
0	4020	2.628937E+00	3	5	
0	4024	2.631926E+00	3	5	
0	4048	2.646102E+00	3	5	
0	4067	2.655347E+00	3	5	
0	4082	2.661948E+00	3	5	
0	4089	2.665052E+00	3	5	
0	4099	2.667520E+00	3	5	
0	4108	2.670465E+00	3	5	
0	4111	2.672500E+00	3	5	
0	4116	2.675261E+00	3	5	
0	4132	2.686009E+00	3	5	
0	4152	2.697767E+00	3	5	
0	4162	2.702836E+00	3	5	
0	4187	2.715660E+00	3	5	
0	4188	2.716115E+00	3	5	
0	4189	2.716239E+00	3	5	
0	4192	2.716860E+00	3	5	
0	4211	2.727689E+00	3	5	
0	4233	2.737688E+00	3	5	
0	4236	2.739022E+00	3	5	
0	4241	2.740165E+00	3	5	
0	4254	2.745637E+00	3	5	
0	4258	2.749612E+00	3	5	
0	4261	2.751850E+00	3	5	
0	4262	2.752694E+00	3	5	
0	4285	2.765467E+00	3	5	
0	4291	2.766583E+00	3	5	
0	4295	2.767193E+00	3	5	
0	4304	2.774606E+00	3	5	
0	4326	2.790433E+00	3	5	
0	4353	2.800861E+00	3	5	
0	4355	2.801849E+00	3	5	
0	4365	2.807357E+00	3	5	
0	4377	2.817741E+00	3	5	
0	4378	2.818703E+00	3	5	
0	4379	2.818740E+00	3	5	
0	4380	2.819004E+00	3	5	
0	4416	2.838537E+00	3	5	
0	4418	2.839709E+00	3	5	
0	4437	2.846542E+00	3	5	
0	4459	2.857183E+00	3	5	
0	4464	2.858824E+00	3	5	
0	4510	2.879639E+00	3	5	
0	4517	2.884005E+00	3	5	
0	4542	2.893566E+00	3	5	
0	4544	2.894163E+00	3	5	
0	4555	2.900358E+00	3	5	
0	4573	2.909053E+00	3	5	
0	4584	2.914890E+00	3	5	
0	4586	2.916653E+00	3	5	
0	4593	2.918427E+00	3	5	
0	4599	2.920521E+00	3	5	
0	4603	2.923836E+00	3	5	
0	4619	2.930904E+00	3	5	
0	4632	2.934254E+00	3	5	
0	4642	2.938609E+00	3	5	
0	4657	2.946694E+00	3	5	
0	4661	2.949509E+00	3	5	
0	4723	2.975881E+00	3	5	
0	4725	2.976903E+00	3	5	
0	4737	2.985631E+00	3	5	
0	4756	2.996870E+00	3	5	
0	4776	3.005900E+00	3	5	
0	4786	3.013924E+00	3	5	
0	4801	3.023879E+00	3	5	
0	4804	3.025059E+00	3	5	
0	4824	3.030374E+00	3	5	
0	4833	3.033899E+00	3	5	
0	4868	3.048787E+00	3	5	
0	4920	3.077611E+00	3	5	
0	4928	3.083434E+00	3	5	
0	4935	3.086874E+00	3	5	
0	4940	3.088606E+00	3	5	
0	4969	3.103792E+00	3	5	
0	4974	3.106376E+00	3	5	
0	4993	3.116898E+00	3	5	
1	551	5.038268E-01	5	8	
1	580	5.347164E-01	5	8	
1	981	8.491716E-01	5	8	
1	1101	9.314324E-01	5	8	
1	1104	9.322596E-01	5	8	
1	1199	1.004278E+00	5	8	
1	1222	1.016334E+00	5	8	
1	1262	1.042784E+00	5	8	
1	1268	1.050607E+00	5	8	
1	1347	1.102980E+00	5	8	
1	1399	1.137693E+00	5	8	
1	1495	1.193468E+00	5	8	
1	1582	1.250763E+00	5	8	
1	1595	1.259422E+00	5	8	
1	1758	1.347593E+00	5	8	
1	1794	1.365960E+00	5	8	
1	1853	1.407656E+00	5	8	
1	1933	1.458579E+00	5	8	
1	1950	1.464762E+00	5	8	
1	2023	1.505604E+00	5	8	
1	2024	1.506086E+00	5	8	
1	2036	1.514835E+00	5	8	
1	2047	1.520933E+00	5	8	
1	2106	1.548024E+00	5	8	
1	2295	1.670174E+00	5	8	
1	2374	1.712851E+00	5	8	
1	2375	1.714816E+00	5	8	
1	2381	1.717466E+00	5	8	
1	2403	1.734218E+00	5	8	
1	2425	1.748823E+00	5	8	
1	2490	1.785335E+00	5	8	
1	2716	1.933453E+00	5	8	
1	2720	1.935576E+00	5	8	
1	2821	1.990224E+00	5	8	
1	2905	2.038298E+00	5	8	
1	2940	2.058077E+00	5	8	
1	3028	2.101086E+00	5	8	
1	3080	2.132138E+00	5	8	
1	3205	2.204442E+00	5	8	
1	3225	2.219632E+00	5	8	
1	3269	2.246001E+00	5	8	
1	3320	2.272397E+00	5	8	
1	3346	2.289866E+00	5	8	
1	3362	2.300611E+00	5	8	
1	3411	2.325156E+00	5	8	
1	3421	2.328208E+00	5	8	
1	3519	2.375928E+00	5	8	
1	3543	2.387864E+00	5	8	
1	3562	2.394166E+00	5	8	
1	3583	2.401174E+00	5	8	
1	3596	2.407544E+00	5	8	
1	3601	2.411832E+00	5	8	
1	3625	2.427036E+00	5	8	
1	3651	2.438636E+00	5	8	
1	3706	2.464686E+00	5	8	
1	3760	2.495629E+00	5	8	
1	3772	2.503923E+00	5	8	
1	3776	2.506124E+00	5	8	
1	3779	2.507826E+00	5	8	
1	3803	2.518269E+00	5	8	
1	3852	2.545061E+00	5	8	
1	3911	2.571325E+00	5	8	
1	3929	2.583315E+00	5	8	
1	3934	2.585658E+00	5	8	
1	3988	2.616419E+00	5	8	
1	4035	2.641070E+00	5	8	
1	4058	2.651962E+00	5	8	
1	4207	2.724927E+00	5	8	
1	4282	2.763593E+00	5	8	
1	4283	2.763664E+00	5	8	
1	4310	2.779961E+00	5	8	
1	4420	2.839968E+00	5	8	
1	4462	2.858152E+00	5	8	
1	4550	2.898843E+00	5	8	
1	4610	2.926951E+00	5	8	
1	4621	2.930946E+00	5	8	
1	4659	2.947773E+00	5	8	
1	4679	2.955208E+00	5	8	
1	4699	2.965398E+00	5	8	
1	4736	2.985608E+00	5	8	
1	4750	2.992079E+00	5	8	
1	4751	2.992830E+00	5	8	
1	4759	2.999097E+00	5	8	
1	4780	3.009456E+00	5	8	
1	4862	3.046552E+00	5	8	
1	4883	3.060976E+00	5	8	
1	4996	3.118329E+00	5	8	
2	611	5.634884E-01	5	8	
2	846	7.567891E-01	5	8	
2	1022	8.766673E-01	5	8	
2	1139	9.622640E-01	5	8	
2	1145	9.659472E-01	5	8	
2	1201	1.004890E+00	5	8	
2	1240	1.029973E+00	5	8	
2	1314	1.083165E+00	5	8	
2	1403	1.138899E+00	5	8	
2	1406	1.141161E+00	5	8	
2	1688	1.312182E+00	5	8	
2	1726	1.330022E+00	5	8	
2	1863	1.416198E+00	5	8	
2	1883	1.428546E+00	5	8	
2	1906	1.438397E+00	5	8	
2	1937	1.460150E+00	5	8	
2	2017	1.498854E+00	5	8	
2	2026	1.508592E+00	5	8	
2	2041	1.519464E+00	5	8	
2	2044	1.520107E+00	5	8	
2	2159	1.587766E+00	5	8	
2	2263	1.648171E+00	5	8	
2	2358	1.706344E+00	5	8	
2	2361	1.707105E+00	5	8	
2	2372	1.711318E+00	5	8	
2	2378	1.715456E+00	5	8	
2	2584	1.847315E+00	5	8	
2	2606	1.860171E+00	5	8	
2	2659	1.895340E+00	5	8	
2	2661	1.896612E+00	5	8	
2	2692	1.913972E+00	5	8	
2	2695	1.917034E+00	5	8	
2	2776	1.966176E+00	5	8	
2	2790	1.974607E+00	5	8	
2	2825	1.993872E+00	5	8	
2	2862	2.012807E+00	5	8	
2	2867	2.016511E+00	5	8	
2	2914	2.043686E+00	5	8	
2	2956	2.063912E+00	5	8	
2	2966	2.067867E+00	5	8	
2	2985	2.079718E+00	5	8	
2	2997	2.086762E+00	5	8	
2	3000	2.088602E+00	5	8	
2	3058	2.119694E+00	5	8	
2	3138	2.165666E+00	5	8	
2	3145	2.170005E+00	5	8	
2	3168	2.181197E+00	5	8	
2	3173	2.185416E+00	5	8	
2	3210	2.208206E+00	5	8	
2	3255	2.236123E+00	5	8	
2	3257	2.237335E+00	5	8	
2	3308	2.265663E+00	5	8	
2	3385	2.312697E+00	5	8	
2	3409	2.324451E+00	5	8	
2	3414	2.325617E+00	5	8	
2	3416	2.326038E+00	5	8	
2	3459	2.346012E+00	5	8	
2	3471	2.354002E+00	5	8	
2	3532	2.380911E+00	5	8	
2	3549	2.388869E+00	5	8	
2	3664	2.447717E+00	5	8	
2	3703	2.462334E+00	5	8	
2	3840	2.538442E+00	5	8	
2	3863	2.548274E+00	5	8	
2	3866	2.551278E+00	5	8	
2	3962	2.602533E+00	5	8	
2	3972	2.608729E+00	5	8	
2	3994	2.617596E+00	5	8	
2	4041	2.644152E+00	5	8	
2	4081	2.661663E+00	5	8	
2	4086	2.664755E+00	5	8	
2	4093	2.665782E+00	5	8	
2	4114	2.674646E+00	5	8	
2	4121	2.678171E+00	5	8	
2	4123	2.679749E+00	5	8	
2	4126	2.682690E+00	5	8	
2	4139	2.689795E+00	5	8	
2	4147	2.693685E+00	5	8	
2	4163	2.703235E+00	5	8	
2	4181	2.711349E+00	5	8	
2	4227	2.735372E+00	5	8	
2	4275	2.760621E+00	5	8	
2	4307	2.776866E+00	5	8	
2	4348	2.798802E+00	5	8	
2	4398	2.829855E+00	5	8	
2	4421	2.840101E+00	5	8	
2	4530	2.887507E+00	5	8	
2	4533	2.889343E+00	5	8	
2	4554	2.900180E+00	5	8	
2	4559	2.905392E+00	5	8	
2	4560	2.906009E+00	5	8	
2	4671	2.952994E+00	5	8	
2	4672	2.953294E+00	5	8	
2	4702	2.966087E+00	5	8	
2	4719	2.974968E+00	5	8	
2	4754	2.995596E+00	5	8	
2	4775	3.005892E+00	5	8	
2	4820	3.029650E+00	5	8	
2	4837	3.036457E+00	5	8	
2	4844	3.039701E+00	5	8	
2	4845	3.039703E+00	5	8	
2	4954	3.095198E+00	5	8	
2	4981	3.111698E+00	5	8	
2	4998	3.120051E+00	5	8	
3	1030	8.804052E-01	9	14	
3	4422	2.840627E+00	9	14	
4	1108	9.346819E-01	7	11	
4	2943	2.059335E+00	7	11	
4	2963	2.065404E+00	7	11	
4	3130	2.161205E+00	7	11	
4	3600	2.411616E+00	7	11	
4	3786	2.510165E+00	7	11	
4	4148	2.693808E+00	7	11	
4	4225	2.734512E+00	7	11	
4	4390	2.825245E+00	7	11	
4	4765	3.000484E+00	7	11	
4	4849	3.040671E+00	7	11	
4	4948	3.093436E+00	7	11	
5	1121	9.422867E-01	5	11	
5	1541	1.225073E+00	5	11	
5	1644	1.284414E+00	5	11	
5	1645	1.284741E+00	5	11	
5	1711	1.324322E+00	5	11	
5	1849	1.405618E+00	5	11	
5	2057	1.525192E+00	5	11	
5	2119	1.555146E+00	5	11	
5	2121	1.556644E+00	5	11	
5	2246	1.635100E+00	5	11	
5	2282	1.660924E+00	5	11	
5	2501	1.795042E+00	5	11	
5	2885	2.030663E+00	5	11	
5	2898	2.036194E+00	5	11	
5	2922	2.049881E+00	5	11	
5	2998	2.087720E+00	5	11	
5	3072	2.129829E+00	5	11	
5	3309	2.265902E+00	5	11	
5	3469	2.353299E+00	5	11	
5	3479	2.357333E+00	5	11	
5	3504	2.368501E+00	5	11	
5	3535	2.383012E+00	5	11	
5	3724	2.474925E+00	5	11	
5	3918	2.574972E+00	5	11	
5	3937	2.586695E+00	5	11	
5	4001	2.621067E+00	5	11	
5	4091	2.665698E+00	5	11	
5	4092	2.665748E+00	5	11	
5	4105	2.669484E+00	5	11	
5	4234	2.738166E+00	5	11	
5	4411	2.834840E+00	5	11	
5	4521	2.885734E+00	5	11	
5	4583	2.914707E+00	5	11	
5	4622	2.931074E+00	5	11	
5	4626	2.932259E+00	5	11	
5	4695	2.963137E+00	5	11	
5	4768	3.002659E+00	5	11	
5	4770	3.003295E+00	5	11	
5	4815	3.028414E+00	5	11	
5	4822	3.029979E+00	5	11	
5	4826	3.030889E+00	5	11	
5	4884	3.061644E+00	5	11	
5	4913	3.072724E+00	5	11	
6	1701	1.315928E+00	11	20	
6	3605	2.414185E+00	11	20	
7	1930	1.456294E+00	7	14	
7	2962	2.065333E+00	7	14	
7	3801	2.517946E+00	7	14	
7	4166	2.704067E+00	7	14	
7	4484	2.869606E+00	7	14	
7	4718	2.974711E+00	7	14	
7	4727	2.978458E+00	7	14	
7	4972	3.105232E+00	7	14	
7	4975	3.108723E+00	7	14	
8	2004	1.489429E+00	7	11	
8	2069	1.529523E+00	7	11	
8	2291	1.666185E+00	7	11	
8	2338	1.698099E+00	7	11	
8	2407	1.736623E+00	7	11	
8	2474	1.776897E+00	7	11	
8	2563	1.831213E+00	7	11	
8	2622	1.872936E+00	7	11	
8	2882	2.028416E+00	7	11	
8	3133	2.162722E+00	7	11	
8	3206	2.204462E+00	7	11	
8	3332	2.281311E+00	7	11	
8	3632	2.430149E+00	7	11	
8	3690	2.458040E+00	7	11	
8	3837	2.537056E+00	7	11	
8	3884	2.559805E+00	7	11	
8	3941	2.591961E+00	7	11	
8	4110	2.671824E+00	7	11	
8	4343	2.797577E+00	7	11	
8	4995	3.118100E+00	7	11	
9	2213	1.619045E+00	7	14	
9	2887	2.031116E+00	7	14	
9	4155	2.698567E+00	7	14	
9	4491	2.871501E+00	7	14	
9	4757	2.996965E+00	7	14	
9	4990	3.116200E+00	7	14	
10	2240	1.630252E+00	7	11	
10	2654	1.891819E+00	7	11	
10	2835	1.997842E+00	7	11	
10	2893	2.035073E+00	7	11	
10	3490	2.362977E+00	7	11	
10	3644	2.434155E+00	7	11	
10	3710	2.466437E+00	7	11	
10	3799	2.516858E+00	7	11	
10	3903	2.569866E+00	7	11	
10	3938	2.588855E+00	7	11	
10	4186	2.714091E+00	7	11	
10	4314	2.780556E+00	7	11	
10	4337	2.793176E+00	7	11	
10	4634	2.934467E+00	7	11	
10	4734	2.985116E+00	7	11	
10	4745	2.989351E+00	7	11	
10	4885	3.062388E+00	7	11	
10	4962	3.099408E+00	7	11	
11	2293	1.669435E+00	7	14	
11	2388	1.723645E+00	7	14	
11	3617	2.423644E+00	7	14	
11	3877	2.556076E+00	7	14	
11	4200	2.720411E+00	7	14	
11	4493	2.872289E+00	7	14	
11	4600	2.921640E+00	7	14	
11	4898	3.066939E+00	7	14	
12	2394	1.728102E+00	9	14	
13	2520	1.810076E+00	7	20	
14	2528	1.815203E+00	7	20	
15	2550	1.824264E+00	9	14	
15	3419	2.327324E+00	9	14	
15	4707	2.968208E+00	9	14	
16	2667	1.899186E+00	7	14	
16	2719	1.935449E+00	7	14	
16	3433	2.333255E+00	7	14	
16	3457	2.344248E+00	7	14	
16	3483	2.358040E+00	7	14	
16	3882	2.558793E+00	7	14	
16	3951	2.596861E+00	7	14	
16	4335	2.792547E+00	7	14	
16	4362	2.804985E+00	7	14	
16	4386	2.822659E+00	7	14	
16	4788	3.016762E+00	7	14	
17	2668	1.900483E+00	7	14	
17	2814	1.987525E+00	7	14	
17	3084	2.134498E+00	7	14	
17	3734	2.479743E+00	7	14	
17	4646	2.939841E+00	7	14	
17	4882	3.060662E+00	7	14	
18	2990	2.082634E+00	11	20	
18	4057	2.651168E+00	11	20	
19	2995	2.084811E+00	7	11	
19	4031	2.639855E+00	7	11	
19	4097	2.666857E+00	7	11	
19	4429	2.843186E+00	7	11	
19	4893	3.065016E+00	7	11	
19	4904	3.070392E+00	7	11	
20	3652	2.438654E+00	7	17	
21	3755	2.493143E+00	11	17	
22	3797	2.516093E+00	7	20	
23	3839	2.538400E+00	9	14	
23	4197	2.718515E+00	9	14	
24	3905	2.570034E+00	9	23	
25	3942	2.593490E+00	7	20	
26	3971	2.608151E+00	9	17	
27	3975	2.611233E+00	9	17	
27	4171	2.706061E+00	9	17	
27	4425	2.842242E+00	9	17	
28	4034	2.640373E+00	9	23	
29	4213	2.728485E+00	9	14	
30	4387	2.823428E+00	9	20	
31	4430	2.843322E+00	9	20	
32	4456	2.855498E+00	7	14	
33	4515	2.882461E+00	9	23	
34	4527	2.886886E+00	9	29	
35	4618	2.930369E+00	13	26	
36	4656	2.945038E+00	7	23	
37	4667	2.951560E+00	9	17	
38	4689	2.959554E+00	9	26	
39	4803	3.024464E+00	9	14	
40	4866	3.048299E+00	9	23	
41	4876	3.055287E+00	7	17	
42	4965	3.101237E+00	11	26	
43	5000	3.121611E+00	11	29	
