#id	E	T		depth	size	
0	319	1.528072E-03	3	4	
0	370	1.839903E-03	3	4	
0	467	2.316892E-03	3	4	
0	503	2.519228E-03	3	4	
0	594	2.928986E-03	3	4	
0	618	3.137509E-03	3	4	
0	670	3.430937E-03	3	4	
0	692	3.537195E-03	3	4	
0	720	3.702971E-03	3	4	
0	776	4.012032E-03	3	4	
0	781	4.041879E-03	3	4	
0	799	4.130436E-03	3	4	
0	961	4.921981E-03	3	4	
0	963	4.928442E-03	3	4	
0	1006	5.156933E-03	3	4	
0	1046	5.305529E-03	3	4	
0	1051	5.334214E-03	3	4	
0	1138	5.763581E-03	3	4	
0	1171	5.943103E-03	3	4	
0	1275	6.540350E-03	3	4	
0	1277	6.549699E-03	3	4	
0	1280	6.561790E-03	3	4	
0	1310	6.743225E-03	3	4	
0	1318	6.794251E-03	3	4	
0	1334	6.887195E-03	3	4	
0	1387	7.161513E-03	3	4	
0	1389	7.166261E-03	3	4	
0	1392	7.170530E-03	3	4	
0	1393	7.173801E-03	3	4	
0	1406	7.257244E-03	3	4	
0	1490	7.715986E-03	3	4	
0	1539	7.957103E-03	3	4	
0	1661	8.542144E-03	3	4	
0	1679	8.624575E-03	3	4	
0	1714	8.855673E-03	3	4	
0	1739	8.979219E-03	3	4	
0	1803	9.423175E-03	3	4	
0	1812	9.456469E-03	3	4	
0	1821	9.493341E-03	3	4	
0	1838	9.584242E-03	3	4	
0	1864	9.767101E-03	3	4	
0	1866	9.767781E-03	3	4	
0	1926	1.008324E-02	3	4	
0	1935	1.013493E-02	3	4	
0	1957	1.029506E-02	3	4	
0	1967	1.037684E-02	3	4	
0	2009	1.061950E-02	3	4	
0	2014	1.063141E-02	3	4	
0	2018	1.066141E-02	3	4	
0	2024	1.069827E-02	3	4	
0	2036	1.078041E-02	3	4	
0	2048	1.085797E-02	3	4	
0	2080	1.099169E-02	3	4	
0	2115	1.115276E-02	3	4	
0	2129	1.121134E-02	3	4	
0	2193	1.158844E-02	3	4	
0	2202	1.162542E-02	3	4	
0	2207	1.166571E-02	3	4	
0	2229	1.176893E-02	3	4	
0	2239	1.183677E-02	3	4	
0	2240	1.183682E-02	3	4	
0	2266	1.200843E-02	3	4	
0	2268	1.202626E-02	3	4	
0	2282	1.210823E-02	3	4	
0	2284	1.210914E-02	3	4	
0	2286	1.211943E-02	3	4	
0	2314	1.233852E-02	3	4	
0	2330	1.241588E-02	3	4	
0	2339	1.245677E-02	3	4	
0	2363	1.259085E-02	3	4	
0	2373	1.264101E-02	3	4	
0	2390	1.274413E-02	3	4	
0	2400	1.278031E-02	3	4	
0	2432	1.294741E-02	3	4	
0	2445	1.305212E-02	3	4	
0	2457	1.312277E-02	3	4	
0	2504	1.339606E-02	3	4	
0	2524	1.352968E-02	3	4	
0	2555	1.370534E-02	3	4	
0	2609	1.406831E-02	3	4	
0	2611	1.408646E-02	3	4	
0	2614	1.410833E-02	3	4	
0	2642	1.426060E-02	3	4	
0	2661	1.435570E-02	3	4	
0	2684	1.446191E-02	3	4	
0	2697	1.451672E-02	3	4	
0	2708	1.458420E-02	3	4	
0	2723	1.468370E-02	3	4	
0	2734	1.472852E-02	3	4	
0	2735	1.473027E-02	3	4	
0	2747	1.479786E-02	3	4	
0	2772	1.497316E-02	3	4	
0	2776	1.499253E-02	3	4	
0	2790	1.503389E-02	3	4	
0	2793	1.506888E-02	3	4	
0	2811	1.514213E-02	3	4	
0	2815	1.516152E-02	3	4	
0	2838	1.527563E-02	3	4	
0	2852	1.532755E-02	3	4	
0	2895	1.559049E-02	3	4	
0	2897	1.559868E-02	3	4	
0	2905	1.565297E-02	3	4	
0	2907	1.565670E-02	3	4	
0	2912	1.566597E-02	3	4	
0	2919	1.571469E-02	3	4	
0	2934	1.581924E-02	3	4	
0	2939	1.582902E-02	3	4	
0	2973	1.600861E-02	3	4	
0	2986	1.606227E-02	3	4	
0	2990	1.608253E-02	3	4	
0	2993	1.613284E-02	3	4	
0	3007	1.619260E-02	3	4	
0	3024	1.630786E-02	3	4	
0	3027	1.630910E-02	3	4	
0	3043	1.642839E-02	3	4	
0	3048	1.646145E-02	3	4	
0	3067	1.656773E-02	3	4	
0	3069	1.660448E-02	3	4	
0	3073	1.662149E-02	3	4	
0	3080	1.665447E-02	3	4	
0	3104	1.678736E-02	3	4	
0	3113	1.683061E-02	3	4	
0	3130	1.691509E-02	3	4	
0	3141	1.696107E-02	3	4	
0	3147	1.698486E-02	3	4	
0	3151	1.701057E-02	3	4	
0	3155	1.703272E-02	3	4	
0	3159	1.707382E-02	3	4	
0	3163	1.708343E-02	3	4	
0	3167	1.709306E-02	3	4	
0	3174	1.712372E-02	3	4	
0	3195	1.724562E-02	3	4	
0	3198	1.725779E-02	3	4	
0	3200	1.727059E-02	3	4	
0	3201	1.727327E-02	3	4	
0	3206	1.732078E-02	3	4	
0	3235	1.751457E-02	3	4	
0	3236	1.751839E-02	3	4	
0	3239	1.755932E-02	3	4	
0	3244	1.758598E-02	3	4	
0	3246	1.758908E-02	3	4	
0	3251	1.761602E-02	3	4	
0	3269	1.774095E-02	3	4	
0	3279	1.781162E-02	3	4	
0	3300	1.799066E-02	3	4	
0	3305	1.800861E-02	3	4	
0	3309	1.802101E-02	3	4	
0	3310	1.802597E-02	3	4	
0	3318	1.807348E-02	3	4	
0	3323	1.810151E-02	3	4	
0	3325	1.813191E-02	3	4	
0	3331	1.818568E-02	3	4	
0	3336	1.820513E-02	3	4	
0	3337	1.820550E-02	3	4	
0	3354	1.834267E-02	3	4	
0	3359	1.838087E-02	3	4	
0	3384	1.854102E-02	3	4	
0	3418	1.869599E-02	3	4	
0	3423	1.875314E-02	3	4	
0	3430	1.880770E-02	3	4	
0	3440	1.886202E-02	3	4	
0	3461	1.897749E-02	3	4	
0	3471	1.906251E-02	3	4	
0	3472	1.906356E-02	3	4	
0	3501	1.922723E-02	3	4	
0	3503	1.923309E-02	3	4	
0	3510	1.926766E-02	3	4	
0	3552	1.949753E-02	3	4	
0	3560	1.952771E-02	3	4	
0	3582	1.964275E-02	3	4	
0	3604	1.977932E-02	3	4	
0	3645	2.006071E-02	3	4	
0	3657	2.012173E-02	3	4	
0	3664	2.016522E-02	3	4	
0	3668	2.018643E-02	3	4	
0	3670	2.018950E-02	3	4	
0	3672	2.019920E-02	3	4	
0	3676	2.023194E-02	3	4	
0	3679	2.024042E-02	3	4	
0	3685	2.027146E-02	3	4	
0	3727	2.051141E-02	3	4	
0	3731	2.052868E-02	3	4	
0	3739	2.058728E-02	3	4	
0	3751	2.063115E-02	3	4	
0	3761	2.068430E-02	3	4	
0	3770	2.077209E-02	3	4	
0	3774	2.081394E-02	3	4	
0	3777	2.082279E-02	3	4	
0	3787	2.088502E-02	3	4	
0	3795	2.093115E-02	3	4	
0	3806	2.098572E-02	3	4	
0	3809	2.102682E-02	3	4	
0	3817	2.106628E-02	3	4	
0	3830	2.116614E-02	3	4	
0	3841	2.122304E-02	3	4	
0	3866	2.131498E-02	3	4	
0	3870	2.132899E-02	3	4	
0	3874	2.135290E-02	3	4	
0	3876	2.135434E-02	3	4	
0	3882	2.137871E-02	3	4	
0	3909	2.151658E-02	3	4	
0	3914	2.154292E-02	3	4	
0	3916	2.154582E-02	3	4	
0	3935	2.170212E-02	3	4	
0	3946	2.178359E-02	3	4	
0	3957	2.183446E-02	3	4	
0	3961	2.187310E-02	3	4	
0	3977	2.196089E-02	3	4	
0	3986	2.199069E-02	3	4	
0	3991	2.202460E-02	3	4	
0	3995	2.204660E-02	3	4	
0	4000	2.207372E-02	3	4	
0	4006	2.210691E-02	3	4	
0	4015	2.214171E-02	3	4	
0	4031	2.222601E-02	3	4	
0	4036	2.226471E-02	3	4	
0	4048	2.231039E-02	3	4	
0	4056	2.235651E-02	3	4	
0	4064	2.240394E-02	3	4	
0	4070	2.243221E-02	3	4	
0	4074	2.246398E-02	3	4	
0	4088	2.254810E-02	3	4	
0	4113	2.270711E-02	3	4	
0	4117	2.274836E-02	3	4	
0	4123	2.278568E-02	3	4	
0	4136	2.287822E-02	3	4	
0	4144	2.295826E-02	3	4	
0	4161	2.311081E-02	3	4	
0	4168	2.314489E-02	3	4	
0	4175	2.319558E-02	3	4	
0	4178	2.321621E-02	3	4	
0	4182	2.323627E-02	3	4	
0	4186	2.325906E-02	3	4	
0	4195	2.331450E-02	3	4	
0	4208	2.341357E-02	3	4	
0	4209	2.341892E-02	3	4	
0	4214	2.345760E-02	3	4	
0	4215	2.346336E-02	3	4	
0	4217	2.347040E-02	3	4	
0	4221	2.349839E-02	3	4	
0	4223	2.349924E-02	3	4	
0	4225	2.350696E-02	3	4	
0	4243	2.359459E-02	3	4	
0	4248	2.361665E-02	3	4	
0	4258	2.364859E-02	3	4	
0	4263	2.368099E-02	3	4	
0	4269	2.374015E-02	3	4	
0	4291	2.385024E-02	3	4	
0	4298	2.391641E-02	3	4	
0	4304	2.394279E-02	3	4	
0	4305	2.394417E-02	3	4	
0	4308	2.398216E-02	3	4	
0	4333	2.415537E-02	3	4	
0	4346	2.425599E-02	3	4	
0	4355	2.432949E-02	3	4	
0	4380	2.448816E-02	3	4	
0	4385	2.451070E-02	3	4	
0	4393	2.456008E-02	3	4	
0	4395	2.458541E-02	3	4	
0	4396	2.460047E-02	3	4	
0	4402	2.466428E-02	3	4	
0	4408	2.470123E-02	3	4	
0	4413	2.473115E-02	3	4	
0	4414	2.473410E-02	3	4	
0	4415	2.473514E-02	3	4	
0	4416	2.474217E-02	3	4	
0	4443	2.491575E-02	3	4	
0	4446	2.492350E-02	3	4	
0	4449	2.493910E-02	3	4	
0	4457	2.499614E-02	3	4	
0	4461	2.501343E-02	3	4	
0	4484	2.517675E-02	3	4	
0	4493	2.520699E-02	3	4	
0	4498	2.524549E-02	3	4	
0	4509	2.529685E-02	3	4	
0	4512	2.530121E-02	3	4	
0	4524	2.539143E-02	3	4	
0	4526	2.539501E-02	3	4	
0	4541	2.549185E-02	3	4	
0	4547	2.551100E-02	3	4	
0	4549	2.551330E-02	3	4	
0	4550	2.551915E-02	3	4	
0	4554	2.555380E-02	3	4	
0	4561	2.559822E-02	3	4	
0	4569	2.563382E-02	3	4	
0	4577	2.566786E-02	3	4	
0	4578	2.567192E-02	3	4	
0	4581	2.569470E-02	3	4	
0	4589	2.576724E-02	3	4	
0	4595	2.580352E-02	3	4	
0	4605	2.582989E-02	3	4	
0	4637	2.603046E-02	3	4	
0	4639	2.604164E-02	3	4	
0	4641	2.606263E-02	3	4	
0	4644	2.608739E-02	3	4	
0	4647	2.609941E-02	3	4	
0	4657	2.618916E-02	3	4	
0	4660	2.620257E-02	3	4	
0	4665	2.622434E-02	3	4	
0	4673	2.625718E-02	3	4	
0	4675	2.628358E-02	3	4	
0	4676	2.628524E-02	3	4	
0	4679	2.630038E-02	3	4	
0	4682	2.630943E-02	3	4	
0	4686	2.632075E-02	3	4	
0	4699	2.639441E-02	3	4	
0	4703	2.640814E-02	3	4	
0	4720	2.649613E-02	3	4	
0	4734	2.660175E-02	3	4	
0	4744	2.663770E-02	3	4	
0	4752	2.666756E-02	3	4	
0	4779	2.682545E-02	3	4	
0	4780	2.684229E-02	3	4	
0	4812	2.703091E-02	3	4	
0	4816	2.703554E-02	3	4	
0	4819	2.704901E-02	3	4	
0	4824	2.707549E-02	3	4	
0	4826	2.708246E-02	3	4	
0	4834	2.714662E-02	3	4	
0	4848	2.724413E-02	3	4	
0	4852	2.725203E-02	3	4	
0	4860	2.730224E-02	3	4	
0	4869	2.736505E-02	3	4	
0	4888	2.747925E-02	3	4	
0	4897	2.755168E-02	3	4	
0	4914	2.769913E-02	3	4	
0	4917	2.771651E-02	3	4	
0	4918	2.772898E-02	3	4	
0	4928	2.780482E-02	3	4	
0	4934	2.782283E-02	3	4	
0	4937	2.783638E-02	3	4	
0	4946	2.788943E-02	3	4	
0	4950	2.791157E-02	3	4	
0	4960	2.795221E-02	3	4	
0	4979	2.804463E-02	3	4	
0	4981	2.805363E-02	3	4	
0	4995	2.810723E-02	3	4	
0	5034	2.837450E-02	3	4	
0	5038	2.841739E-02	3	4	
0	5047	2.851736E-02	3	4	
0	5060	2.858623E-02	3	4	
0	5067	2.860364E-02	3	4	
0	5072	2.864835E-02	3	4	
0	5078	2.873093E-02	3	4	
0	5080	2.873208E-02	3	4	
0	5083	2.878501E-02	3	4	
0	5088	2.882191E-02	3	4	
0	5105	2.892022E-02	3	4	
0	5116	2.895168E-02	3	4	
0	5118	2.897484E-02	3	4	
0	5122	2.900130E-02	3	4	
0	5131	2.907495E-02	3	4	
0	5132	2.907589E-02	3	4	
0	5151	2.916287E-02	3	4	
0	5161	2.925803E-02	3	4	
0	5167	2.930995E-02	3	4	
0	5176	2.936123E-02	3	4	
0	5180	2.939191E-02	3	4	
0	5195	2.949864E-02	3	4	
0	5206	2.959929E-02	3	4	
0	5207	2.960361E-02	3	4	
0	5209	2.961193E-02	3	4	
0	5216	2.966117E-02	3	4	
0	5221	2.969389E-02	3	4	
0	5223	2.970150E-02	3	4	
0	5226	2.975230E-02	3	4	
0	5235	2.980220E-02	3	4	
0	5238	2.981967E-02	3	4	
0	5285	3.011791E-02	3	4	
0	5288	3.013339E-02	3	4	
0	5293	3.015185E-02	3	4	
0	5298	3.020944E-02	3	4	
0	5322	3.033942E-02	3	4	
0	5324	3.035547E-02	3	4	
0	5335	3.044651E-02	3	4	
0	5337	3.046999E-02	3	4	
0	5349	3.058286E-02	3	4	
0	5353	3.061141E-02	3	4	
0	5374	3.077277E-02	3	4	
0	5385	3.087662E-02	3	4	
0	5394	3.092864E-02	3	4	
0	5396	3.093949E-02	3	4	
0	5399	3.094604E-02	3	4	
0	5401	3.096852E-02	3	4	
0	5408	3.100606E-02	3	4	
0	5411	3.101872E-02	3	4	
0	5413	3.102254E-02	3	4	
0	5416	3.102985E-02	3	4	
0	5418	3.104196E-02	3	4	
0	5428	3.109804E-02	3	4	
0	5429	3.110912E-02	3	4	
0	5465	3.131927E-02	3	4	
0	5470	3.137267E-02	3	4	
0	5478	3.140473E-02	3	4	
0	5484	3.145207E-02	3	4	
0	5488	3.148758E-02	3	4	
0	5503	3.158048E-02	3	4	
0	5504	3.158412E-02	3	4	
0	5513	3.165950E-02	3	4	
0	5515	3.168600E-02	3	4	
0	5524	3.175442E-02	3	4	
0	5528	3.179349E-02	3	4	
0	5533	3.184150E-02	3	4	
0	5544	3.188760E-02	3	4	
0	5554	3.198220E-02	3	4	
0	5555	3.199409E-02	3	4	
0	5563	3.203179E-02	3	4	
0	5564	3.204108E-02	3	4	
0	5569	3.207661E-02	3	4	
0	5572	3.210149E-02	3	4	
0	5576	3.212958E-02	3	4	
0	5587	3.220178E-02	3	4	
0	5588	3.222157E-02	3	4	
0	5595	3.227805E-02	3	4	
0	5602	3.230727E-02	3	4	
0	5607	3.234645E-02	3	4	
0	5612	3.237620E-02	3	4	
0	5621	3.243111E-02	3	4	
0	5622	3.244093E-02	3	4	
0	5626	3.247257E-02	3	4	
0	5635	3.254554E-02	3	4	
0	5642	3.256935E-02	3	4	
0	5643	3.258431E-02	3	4	
0	5648	3.263663E-02	3	4	
0	5652	3.266919E-02	3	4	
0	5656	3.271248E-02	3	4	
0	5658	3.273570E-02	3	4	
0	5665	3.276548E-02	3	4	
0	5668	3.278689E-02	3	4	
0	5681	3.288277E-02	3	4	
0	5682	3.289111E-02	3	4	
0	5685	3.292492E-02	3	4	
0	5696	3.301277E-02	3	4	
0	5707	3.307894E-02	3	4	
0	5711	3.309414E-02	3	4	
0	5720	3.315626E-02	3	4	
0	5741	3.332316E-02	3	4	
0	5791	3.363448E-02	3	4	
0	5805	3.372442E-02	3	4	
0	5811	3.377854E-02	3	4	
0	5819	3.385921E-02	3	4	
0	5842	3.400409E-02	3	4	
0	5845	3.400971E-02	3	4	
0	5850	3.404423E-02	3	4	
0	5856	3.406230E-02	3	4	
0	5859	3.407867E-02	3	4	
0	5868	3.415964E-02	3	4	
0	5875	3.419576E-02	3	4	
0	5876	3.422233E-02	3	4	
0	5877	3.422242E-02	3	4	
0	5888	3.430733E-02	3	4	
0	5917	3.446012E-02	3	4	
0	5928	3.456007E-02	3	4	
0	5930	3.459249E-02	3	4	
0	5931	3.459703E-02	3	4	
0	5935	3.461117E-02	3	4	
0	5950	3.472075E-02	3	4	
0	5960	3.479759E-02	3	4	
0	5976	3.486344E-02	3	4	
0	5986	3.491853E-02	3	4	
0	5991	3.495160E-02	3	4	
0	6010	3.512851E-02	3	4	
0	6012	3.513148E-02	3	4	
0	6022	3.519195E-02	3	4	
0	6026	3.526199E-02	3	4	
0	6027	3.526453E-02	3	4	
0	6033	3.529656E-02	3	4	
0	6043	3.534225E-02	3	4	
0	6046	3.536642E-02	3	4	
0	6053	3.539469E-02	3	4	
0	6058	3.542551E-02	3	4	
0	6066	3.548739E-02	3	4	
0	6075	3.554917E-02	3	4	
0	6078	3.557091E-02	3	4	
0	6087	3.560586E-02	3	4	
0	6090	3.562581E-02	3	4	
0	6099	3.569008E-02	3	4	
0	6103	3.574159E-02	3	4	
0	6106	3.575871E-02	3	4	
0	6111	3.579719E-02	3	4	
0	6118	3.582620E-02	3	4	
0	6122	3.585881E-02	3	4	
0	6123	3.586327E-02	3	4	
0	6128	3.588495E-02	3	4	
0	6136	3.590356E-02	3	4	
0	6142	3.594711E-02	3	4	
0	6155	3.606950E-02	3	4	
0	6156	3.609093E-02	3	4	
0	6166	3.615828E-02	3	4	
0	6172	3.620232E-02	3	4	
0	6173	3.620532E-02	3	4	
0	6175	3.622719E-02	3	4	
0	6183	3.629104E-02	3	4	
0	6184	3.629678E-02	3	4	
0	6195	3.639281E-02	3	4	
0	6197	3.643006E-02	3	4	
0	6200	3.643619E-02	3	4	
0	6201	3.644289E-02	3	4	
0	6203	3.645316E-02	3	4	
0	6204	3.645911E-02	3	4	
0	6215	3.652015E-02	3	4	
0	6221	3.658938E-02	3	4	
0	6237	3.671036E-02	3	4	
0	6245	3.676472E-02	3	4	
0	6250	3.680230E-02	3	4	
0	6260	3.690185E-02	3	4	
0	6263	3.692611E-02	3	4	
0	6269	3.698828E-02	3	4	
0	6284	3.713776E-02	3	4	
0	6286	3.715013E-02	3	4	
0	6291	3.717665E-02	3	4	
0	6294	3.719575E-02	3	4	
0	6300	3.722750E-02	3	4	
0	6303	3.723850E-02	3	4	
0	6305	3.726889E-02	3	4	
0	6314	3.729385E-02	3	4	
0	6316	3.732108E-02	3	4	
0	6319	3.734658E-02	3	4	
0	6322	3.735762E-02	3	4	
0	6338	3.744640E-02	3	4	
0	6345	3.748764E-02	3	4	
0	6349	3.750097E-02	3	4	
0	6355	3.753870E-02	3	4	
0	6358	3.755082E-02	3	4	
0	6367	3.759371E-02	3	4	
0	6371	3.760219E-02	3	4	
0	6381	3.763201E-02	3	4	
0	6385	3.767707E-02	3	4	
0	6398	3.778074E-02	3	4	
0	6400	3.778972E-02	3	4	
0	6409	3.785103E-02	3	4	
0	6412	3.786392E-02	3	4	
0	6416	3.788510E-02	3	4	
0	6445	3.809624E-02	3	4	
0	6449	3.810471E-02	3	4	
0	6472	3.827778E-02	3	4	
0	6480	3.831173E-02	3	4	
0	6484	3.833052E-02	3	4	
0	6487	3.835034E-02	3	4	
0	6490	3.836560E-02	3	4	
0	6504	3.845708E-02	3	4	
0	6505	3.845779E-02	3	4	
0	6506	3.847817E-02	3	4	
0	6508	3.848569E-02	3	4	
0	6523	3.855177E-02	3	4	
0	6525	3.855677E-02	3	4	
0	6528	3.856590E-02	3	4	
0	6529	3.856664E-02	3	4	
0	6543	3.863689E-02	3	4	
0	6553	3.868513E-02	3	4	
0	6554	3.868690E-02	3	4	
0	6557	3.872735E-02	3	4	
0	6559	3.875170E-02	3	4	
0	6566	3.881793E-02	3	4	
0	6570	3.883227E-02	3	4	
0	6573	3.885253E-02	3	4	
0	6577	3.887135E-02	3	4	
0	6580	3.889474E-02	3	4	
0	6595	3.902452E-02	3	4	
0	6597	3.902841E-02	3	4	
0	6599	3.904035E-02	3	4	
0	6602	3.907464E-02	3	4	
0	6606	3.910982E-02	3	4	
0	6608	3.911501E-02	3	4	
0	6612	3.913891E-02	3	4	
0	6624	3.919325E-02	3	4	
0	6625	3.920466E-02	3	4	
0	6629	3.922408E-02	3	4	
0	6632	3.924540E-02	3	4	
0	6640	3.930982E-02	3	4	
0	6646	3.935398E-02	3	4	
0	6666	3.946741E-02	3	4	
0	6683	3.953918E-02	3	4	
0	6688	3.954431E-02	3	4	
0	6710	3.965583E-02	3	4	
0	6716	3.968509E-02	3	4	
0	6720	3.970671E-02	3	4	
0	6745	3.990113E-02	3	4	
0	6761	4.000282E-02	3	4	
0	6765	4.004319E-02	3	4	
0	6768	4.006420E-02	3	4	
0	6772	4.007304E-02	3	4	
0	6777	4.010799E-02	3	4	
0	6783	4.017000E-02	3	4	
0	6784	4.017440E-02	3	4	
0	6787	4.018578E-02	3	4	
0	6792	4.022144E-02	3	4	
0	6806	4.033925E-02	3	4	
0	6808	4.034650E-02	3	4	
0	6811	4.036076E-02	3	4	
0	6838	4.058702E-02	3	4	
0	6843	4.061334E-02	3	4	
0	6848	4.063749E-02	3	4	
0	6875	4.087450E-02	3	4	
0	6890	4.095908E-02	3	4	
0	6903	4.104095E-02	3	4	
0	6913	4.112469E-02	3	4	
0	6917	4.113533E-02	3	4	
0	6934	4.126802E-02	3	4	
0	6937	4.128677E-02	3	4	
0	6940	4.131822E-02	3	4	
0	6941	4.132178E-02	3	4	
0	6946	4.134044E-02	3	4	
0	6949	4.136157E-02	3	4	
0	6953	4.138204E-02	3	4	
0	6956	4.140143E-02	3	4	
0	6958	4.140874E-02	3	4	
0	6970	4.147370E-02	3	4	
0	6995	4.164186E-02	3	4	
0	6998	4.166460E-02	3	4	
0	7016	4.182900E-02	3	4	
0	7018	4.184071E-02	3	4	
0	7037	4.199896E-02	3	4	
0	7047	4.205195E-02	3	4	
0	7049	4.205583E-02	3	4	
0	7074	4.222329E-02	3	4	
0	7083	4.234250E-02	3	4	
0	7086	4.234943E-02	3	4	
0	7091	4.238613E-02	3	4	
0	7101	4.243395E-02	3	4	
0	7104	4.244201E-02	3	4	
0	7111	4.250589E-02	3	4	
0	7115	4.253259E-02	3	4	
0	7124	4.261831E-02	3	4	
0	7134	4.265700E-02	3	4	
0	7144	4.270487E-02	3	4	
0	7155	4.278681E-02	3	4	
0	7157	4.281742E-02	3	4	
0	7160	4.284965E-02	3	4	
0	7162	4.287562E-02	3	4	
0	7167	4.291590E-02	3	4	
0	7168	4.292097E-02	3	4	
0	7175	4.298457E-02	3	4	
0	7181	4.301789E-02	3	4	
0	7195	4.312761E-02	3	4	
0	7196	4.313031E-02	3	4	
0	7203	4.317113E-02	3	4	
0	7213	4.323537E-02	3	4	
0	7223	4.332317E-02	3	4	
0	7232	4.338347E-02	3	4	
0	7234	4.341620E-02	3	4	
0	7240	4.345442E-02	3	4	
0	7250	4.351434E-02	3	4	
0	7254	4.353338E-02	3	4	
0	7277	4.362363E-02	3	4	
0	7283	4.367100E-02	3	4	
0	7285	4.368072E-02	3	4	
0	7292	4.375137E-02	3	4	
0	7301	4.383353E-02	3	4	
0	7311	4.388767E-02	3	4	
0	7314	4.391348E-02	3	4	
0	7318	4.393407E-02	3	4	
0	7326	4.399224E-02	3	4	
0	7329	4.400335E-02	3	4	
0	7335	4.406545E-02	3	4	
0	7344	4.411372E-02	3	4	
0	7347	4.412998E-02	3	4	
0	7348	4.413548E-02	3	4	
0	7351	4.415548E-02	3	4	
0	7357	4.419094E-02	3	4	
0	7360	4.419491E-02	3	4	
0	7364	4.422083E-02	3	4	
0	7370	4.426667E-02	3	4	
0	7372	4.428793E-02	3	4	
0	7375	4.432305E-02	3	4	
0	7377	4.433075E-02	3	4	
0	7384	4.437681E-02	3	4	
0	7391	4.445037E-02	3	4	
0	7392	4.445198E-02	3	4	
0	7398	4.449256E-02	3	4	
0	7402	4.450801E-02	3	4	
0	7404	4.451966E-02	3	4	
0	7405	4.452792E-02	3	4	
0	7407	4.453267E-02	3	4	
0	7410	4.455001E-02	3	4	
0	7421	4.465203E-02	3	4	
0	7422	4.465608E-02	3	4	
0	7431	4.472388E-02	3	4	
0	7445	4.480253E-02	3	4	
0	7458	4.493007E-02	3	4	
0	7466	4.496404E-02	3	4	
0	7483	4.509967E-02	3	4	
0	7490	4.517087E-02	3	4	
0	7498	4.521009E-02	3	4	
0	7507	4.527914E-02	3	4	
0	7514	4.536321E-02	3	4	
0	7516	4.537462E-02	3	4	
0	7540	4.549505E-02	3	4	
0	7547	4.556880E-02	3	4	
0	7551	4.559273E-02	3	4	
0	7556	4.567135E-02	3	4	
0	7564	4.573024E-02	3	4	
0	7569	4.577198E-02	3	4	
0	7575	4.585211E-02	3	4	
0	7577	4.586086E-02	3	4	
0	7589	4.593600E-02	3	4	
0	7593	4.595312E-02	3	4	
0	7601	4.601115E-02	3	4	
0	7605	4.601567E-02	3	4	
0	7612	4.608928E-02	3	4	
0	7613	4.609044E-02	3	4	
0	7627	4.616630E-02	3	4	
0	7628	4.616711E-02	3	4	
0	7638	4.627328E-02	3	4	
0	7644	4.633358E-02	3	4	
0	7645	4.633481E-02	3	4	
0	7648	4.636081E-02	3	4	
0	7656	4.641640E-02	3	4	
0	7658	4.642816E-02	3	4	
0	7661	4.647690E-02	3	4	
0	7664	4.650419E-02	3	4	
0	7666	4.651965E-02	3	4	
0	7669	4.652679E-02	3	4	
0	7670	4.653499E-02	3	4	
0	7677	4.658690E-02	3	4	
0	7680	4.659498E-02	3	4	
0	7690	4.668913E-02	3	4	
0	7691	4.669340E-02	3	4	
0	7692	4.671203E-02	3	4	
0	7695	4.671957E-02	3	4	
0	7696	4.671993E-02	3	4	
0	7697	4.674939E-02	3	4	
0	7698	4.675052E-02	3	4	
0	7706	4.680874E-02	3	4	
0	7708	4.681914E-02	3	4	
0	7709	4.682171E-02	3	4	
0	7710	4.682367E-02	3	4	
0	7719	4.690620E-02	3	4	
0	7730	4.696564E-02	3	4	
0	7732	4.698596E-02	3	4	
0	7733	4.699680E-02	3	4	
0	7735	4.701541E-02	3	4	
0	7742	4.708954E-02	3	4	
0	7757	4.720839E-02	3	4	
0	7758	4.721419E-02	3	4	
0	7762	4.724624E-02	3	4	
0	7767	4.731021E-02	3	4	
0	7772	4.735194E-02	3	4	
0	7776	4.735879E-02	3	4	
0	7778	4.736767E-02	3	4	
0	7780	4.737014E-02	3	4	
0	7782	4.737520E-02	3	4	
0	7792	4.747553E-02	3	4	
0	7804	4.757746E-02	3	4	
0	7807	4.760134E-02	3	4	
0	7808	4.761178E-02	3	4	
0	7812	4.765345E-02	3	4	
0	7816	4.767651E-02	3	4	
0	7821	4.773636E-02	3	4	
0	7822	4.774316E-02	3	4	
0	7823	4.775415E-02	3	4	
0	7826	4.781064E-02	3	4	
0	7828	4.782435E-02	3	4	
0	7832	4.784715E-02	3	4	
0	7836	4.788244E-02	3	4	
0	7839	4.789753E-02	3	4	
0	7851	4.799098E-02	3	4	
0	7867	4.808692E-02	3	4	
0	7871	4.811997E-02	3	4	
0	7875	4.813790E-02	3	4	
0	7879	4.816963E-02	3	4	
0	7882	4.819453E-02	3	4	
0	7883	4.819612E-02	3	4	
0	7889	4.824629E-02	3	4	
0	7892	4.826130E-02	3	4	
0	7898	4.831240E-02	3	4	
0	7908	4.841063E-02	3	4	
0	7909	4.842197E-02	3	4	
0	7911	4.843138E-02	3	4	
0	7920	4.850376E-02	3	4	
0	7921	4.850477E-02	3	4	
0	7935	4.858849E-02	3	4	
0	7944	4.861752E-02	3	4	
0	7948	4.866042E-02	3	4	
0	7974	4.885566E-02	3	4	
0	7982	4.887342E-02	3	4	
0	7983	4.887718E-02	3	4	
0	7987	4.889054E-02	3	4	
0	7991	4.898086E-02	3	4	
0	7996	4.900811E-02	3	4	
0	7997	4.904202E-02	3	4	
0	8001	4.906551E-02	3	4	
0	8002	4.910221E-02	3	4	
0	8007	4.913775E-02	3	4	
0	8008	4.914951E-02	3	4	
0	8009	4.916419E-02	3	4	
0	8027	4.937395E-02	3	4	
0	8033	4.941768E-02	3	4	
0	8045	4.949879E-02	3	4	
0	8048	4.952059E-02	3	4	
0	8049	4.952498E-02	3	4	
0	8050	4.953104E-02	3	4	
0	8055	4.957044E-02	3	4	
0	8060	4.960358E-02	3	4	
0	8064	4.966260E-02	3	4	
0	8072	4.969687E-02	3	4	
0	8079	4.977340E-02	3	4	
0	8081	4.980280E-02	3	4	
0	8103	4.998140E-02	3	4	
0	8106	5.000221E-02	3	4	
0	8107	5.001722E-02	3	4	
0	8108	5.003777E-02	3	4	
0	8110	5.004187E-02	3	4	
0	8115	5.007910E-02	3	4	
0	8122	5.014517E-02	3	4	
0	8144	5.030557E-02	3	4	
0	8155	5.042622E-02	3	4	
0	8158	5.046096E-02	3	4	
0	8162	5.049166E-02	3	4	
0	8172	5.056268E-02	3	4	
0	8187	5.064147E-02	3	4	
0	8188	5.066830E-02	3	4	
0	8190	5.068278E-02	3	4	
0	8191	5.069254E-02	3	4	
0	8193	5.072283E-02	3	4	
0	8194	5.073178E-02	3	4	
0	8198	5.074748E-02	3	4	
0	8199	5.076182E-02	3	4	
0	8201	5.077148E-02	3	4	
0	8215	5.089965E-02	3	4	
0	8221	5.102777E-02	3	4	
0	8230	5.108978E-02	3	4	
0	8236	5.112632E-02	3	4	
0	8238	5.113306E-02	3	4	
0	8240	5.114126E-02	3	4	
0	8244	5.116397E-02	3	4	
0	8245	5.117484E-02	3	4	
0	8246	5.117561E-02	3	4	
0	8256	5.122117E-02	3	4	
0	8257	5.122806E-02	3	4	
0	8258	5.123536E-02	3	4	
0	8260	5.124841E-02	3	4	
0	8261	5.124994E-02	3	4	
0	8269	5.131015E-02	3	4	
0	8272	5.132002E-02	3	4	
0	8274	5.132645E-02	3	4	
0	8287	5.141278E-02	3	4	
0	8288	5.141354E-02	3	4	
0	8294	5.149958E-02	3	4	
0	8297	5.150204E-02	3	4	
0	8309	5.164226E-02	3	4	
0	8338	5.187243E-02	3	4	
0	8339	5.187358E-02	3	4	
0	8342	5.188589E-02	3	4	
0	8345	5.190195E-02	3	4	
0	8356	5.201557E-02	3	4	
0	8357	5.201733E-02	3	4	
0	8361	5.204846E-02	3	4	
0	8373	5.211256E-02	3	4	
0	8381	5.219169E-02	3	4	
0	8399	5.240724E-02	3	4	
0	8401	5.241054E-02	3	4	
0	8413	5.251420E-02	3	4	
0	8418	5.252675E-02	3	4	
0	8423	5.261155E-02	3	4	
0	8435	5.271884E-02	3	4	
0	8439	5.272333E-02	3	4	
0	8440	5.273060E-02	3	4	
0	8442	5.273426E-02	3	4	
0	8443	5.274061E-02	3	4	
0	8452	5.277566E-02	3	4	
0	8462	5.291633E-02	3	4	
0	8464	5.293427E-02	3	4	
0	8467	5.295686E-02	3	4	
0	8475	5.299987E-02	3	4	
0	8478	5.302676E-02	3	4	
0	8484	5.311687E-02	3	4	
0	8494	5.318242E-02	3	4	
0	8499	5.323216E-02	3	4	
0	8502	5.325355E-02	3	4	
0	8507	5.327832E-02	3	4	
0	8510	5.332894E-02	3	4	
0	8521	5.346206E-02	3	4	
0	8526	5.348971E-02	3	4	
0	8536	5.355932E-02	3	4	
0	8544	5.366237E-02	3	4	
0	8546	5.367421E-02	3	4	
0	8550	5.370506E-02	3	4	
0	8551	5.370748E-02	3	4	
0	8565	5.380058E-02	3	4	
0	8577	5.390276E-02	3	4	
0	8585	5.393538E-02	3	4	
0	8600	5.403277E-02	3	4	
0	8601	5.403851E-02	3	4	
0	8608	5.408089E-02	3	4	
0	8619	5.418197E-02	3	4	
0	8621	5.421405E-02	3	4	
0	8622	5.421522E-02	3	4	
0	8631	5.428605E-02	3	4	
0	8632	5.428716E-02	3	4	
0	8634	5.433668E-02	3	4	
0	8642	5.442126E-02	3	4	
0	8649	5.447272E-02	3	4	
0	8667	5.464135E-02	3	4	
0	8681	5.472742E-02	3	4	
0	8693	5.483503E-02	3	4	
0	8694	5.483626E-02	3	4	
0	8696	5.483946E-02	3	4	
0	8710	5.494874E-02	3	4	
0	8723	5.499522E-02	3	4	
0	8733	5.506426E-02	3	4	
0	8734	5.508372E-02	3	4	
0	8739	5.514005E-02	3	4	
0	8746	5.521897E-02	3	4	
0	8753	5.525442E-02	3	4	
0	8762	5.530515E-02	3	4	
0	8766	5.534972E-02	3	4	
0	8782	5.550171E-02	3	4	
0	8799	5.559588E-02	3	4	
0	8801	5.560455E-02	3	4	
0	8803	5.560937E-02	3	4	
0	8805	5.563265E-02	3	4	
0	8806	5.564200E-02	3	4	
0	8808	5.566401E-02	3	4	
0	8812	5.571083E-02	3	4	
0	8817	5.578048E-02	3	4	
0	8819	5.580580E-02	3	4	
0	8823	5.583096E-02	3	4	
0	8824	5.583127E-02	3	4	
0	8825	5.583438E-02	3	4	
0	8826	5.583951E-02	3	4	
0	8836	5.592277E-02	3	4	
0	8838	5.593806E-02	3	4	
0	8845	5.598286E-02	3	4	
0	8846	5.598831E-02	3	4	
0	8849	5.600714E-02	3	4	
0	8850	5.601005E-02	3	4	
0	8853	5.601553E-02	3	4	
0	8861	5.607227E-02	3	4	
0	8862	5.609304E-02	3	4	
0	8869	5.612311E-02	3	4	
0	8870	5.613463E-02	3	4	
0	8871	5.614113E-02	3	4	
0	8876	5.616197E-02	3	4	
0	8879	5.618097E-02	3	4	
0	8880	5.618367E-02	3	4	
0	8888	5.622573E-02	3	4	
0	8890	5.623316E-02	3	4	
0	8903	5.633489E-02	3	4	
0	8904	5.634275E-02	3	4	
0	8908	5.636101E-02	3	4	
0	8922	5.649614E-02	3	4	
0	8927	5.652866E-02	3	4	
0	8928	5.653194E-02	3	4	
0	8929	5.653586E-02	3	4	
0	8930	5.653639E-02	3	4	
0	8933	5.655332E-02	3	4	
0	8941	5.661453E-02	3	4	
0	8944	5.664242E-02	3	4	
0	8945	5.666274E-02	3	4	
0	8950	5.668802E-02	3	4	
0	8954	5.672726E-02	3	4	
0	8955	5.674213E-02	3	4	
0	8958	5.677772E-02	3	4	
0	8960	5.678809E-02	3	4	
0	8969	5.683814E-02	3	4	
0	8989	5.701516E-02	3	4	
0	8990	5.702294E-02	3	4	
0	9000	5.710278E-02	3	4	
0	9009	5.715681E-02	3	4	
0	9010	5.715776E-02	3	4	
0	9011	5.716737E-02	3	4	
0	9013	5.717223E-02	3	4	
0	9017	5.718509E-02	3	4	
0	9024	5.726817E-02	3	4	
0	9025	5.728566E-02	3	4	
0	9027	5.733593E-02	3	4	
0	9037	5.741410E-02	3	4	
0	9039	5.744414E-02	3	4	
0	9040	5.745332E-02	3	4	
0	9041	5.745516E-02	3	4	
0	9044	5.748211E-02	3	4	
0	9050	5.753244E-02	3	4	
0	9052	5.755408E-02	3	4	
0	9053	5.755615E-02	3	4	
0	9060	5.760119E-02	3	4	
0	9074	5.775336E-02	3	4	
0	9080	5.783232E-02	3	4	
0	9092	5.792988E-02	3	4	
0	9097	5.796063E-02	3	4	
0	9105	5.800051E-02	3	4	
0	9108	5.800393E-02	3	4	
0	9109	5.800632E-02	3	4	
0	9110	5.800889E-02	3	4	
0	9117	5.805736E-02	3	4	
0	9122	5.810515E-02	3	4	
0	9151	5.835433E-02	3	4	
0	9152	5.837771E-02	3	4	
0	9174	5.854420E-02	3	4	
0	9178	5.856930E-02	3	4	
0	9181	5.860588E-02	3	4	
0	9187	5.865899E-02	3	4	
0	9196	5.871789E-02	3	4	
0	9197	5.871822E-02	3	4	
0	9199	5.872655E-02	3	4	
0	9212	5.882285E-02	3	4	
0	9215	5.882995E-02	3	4	
0	9227	5.887711E-02	3	4	
0	9229	5.888251E-02	3	4	
0	9232	5.888925E-02	3	4	
0	9236	5.891315E-02	3	4	
0	9237	5.892548E-02	3	4	
0	9245	5.901565E-02	3	4	
0	9246	5.901785E-02	3	4	
0	9248	5.902338E-02	3	4	
0	9251	5.903617E-02	3	4	
0	9255	5.906706E-02	3	4	
0	9268	5.915864E-02	3	4	
0	9270	5.918276E-02	3	4	
0	9273	5.920694E-02	3	4	
0	9278	5.922823E-02	3	4	
0	9288	5.931493E-02	3	4	
0	9293	5.935494E-02	3	4	
0	9302	5.938369E-02	3	4	
0	9304	5.939905E-02	3	4	
0	9306	5.941478E-02	3	4	
0	9322	5.949358E-02	3	4	
0	9329	5.955260E-02	3	4	
0	9343	5.974934E-02	3	4	
0	9349	5.984550E-02	3	4	
0	9355	5.992788E-02	3	4	
0	9364	5.997774E-02	3	4	
0	9365	5.997800E-02	3	4	
0	9372	6.000611E-02	3	4	
0	9381	6.005432E-02	3	4	
0	9383	6.007539E-02	3	4	
0	9384	6.009090E-02	3	4	
0	9388	6.014024E-02	3	4	
0	9393	6.020080E-02	3	4	
0	9397	6.023036E-02	3	4	
0	9405	6.032427E-02	3	4	
0	9407	6.032773E-02	3	4	
0	9412	6.036774E-02	3	4	
0	9421	6.042995E-02	3	4	
0	9423	6.044086E-02	3	4	
0	9425	6.045435E-02	3	4	
0	9429	6.046463E-02	3	4	
0	9437	6.051075E-02	3	4	
0	9439	6.051746E-02	3	4	
0	9440	6.052265E-02	3	4	
0	9451	6.068350E-02	3	4	
0	9457	6.074228E-02	3	4	
0	9464	6.084615E-02	3	4	
0	9471	6.089893E-02	3	4	
0	9485	6.100619E-02	3	4	
0	9490	6.109201E-02	3	4	
0	9495	6.112000E-02	3	4	
0	9505	6.123434E-02	3	4	
0	9508	6.124595E-02	3	4	
0	9512	6.125146E-02	3	4	
0	9514	6.126408E-02	3	4	
0	9515	6.126649E-02	3	4	
0	9519	6.129676E-02	3	4	
0	9522	6.130393E-02	3	4	
0	9524	6.130882E-02	3	4	
0	9525	6.130997E-02	3	4	
0	9526	6.131076E-02	3	4	
0	9529	6.132217E-02	3	4	
0	9531	6.133920E-02	3	4	
0	9532	6.134478E-02	3	4	
0	9534	6.138570E-02	3	4	
0	9537	6.139961E-02	3	4	
0	9541	6.141479E-02	3	4	
0	9547	6.149518E-02	3	4	
0	9576	6.167908E-02	3	4	
0	9578	6.169809E-02	3	4	
0	9586	6.171566E-02	3	4	
0	9589	6.175358E-02	3	4	
0	9592	6.177264E-02	3	4	
0	9600	6.184132E-02	3	4	
0	9609	6.190771E-02	3	4	
0	9613	6.194775E-02	3	4	
0	9620	6.201085E-02	3	4	
0	9621	6.201116E-02	3	4	
0	9624	6.203772E-02	3	4	
0	9626	6.205259E-02	3	4	
0	9627	6.206647E-02	3	4	
0	9638	6.215936E-02	3	4	
0	9642	6.219523E-02	3	4	
0	9644	6.221565E-02	3	4	
0	9649	6.226680E-02	3	4	
0	9655	6.231278E-02	3	4	
0	9676	6.250907E-02	3	4	
0	9685	6.257867E-02	3	4	
0	9700	6.270306E-02	3	4	
0	9703	6.274297E-02	3	4	
0	9705	6.276369E-02	3	4	
0	9707	6.278038E-02	3	4	
0	9709	6.279916E-02	3	4	
0	9717	6.290528E-02	3	4	
0	9724	6.305765E-02	3	4	
0	9726	6.307257E-02	3	4	
0	9730	6.310143E-02	3	4	
0	9740	6.316036E-02	3	4	
0	9746	6.318609E-02	3	4	
0	9747	6.319648E-02	3	4	
0	9749	6.323401E-02	3	4	
0	9754	6.325659E-02	3	4	
0	9760	6.331870E-02	3	4	
0	9761	6.333145E-02	3	4	
0	9763	6.335477E-02	3	4	
0	9764	6.335923E-02	3	4	
0	9765	6.336372E-02	3	4	
0	9769	6.341629E-02	3	4	
0	9777	6.346889E-02	3	4	
0	9779	6.347704E-02	3	4	
0	9785	6.356855E-02	3	4	
0	9787	6.357298E-02	3	4	
0	9793	6.360972E-02	3	4	
0	9797	6.364759E-02	3	4	
0	9798	6.366562E-02	3	4	
0	9803	6.368775E-02	3	4	
0	9807	6.376196E-02	3	4	
0	9809	6.376928E-02	3	4	
0	9812	6.382289E-02	3	4	
0	9821	6.386396E-02	3	4	
0	9824	6.388123E-02	3	4	
0	9827	6.389101E-02	3	4	
0	9837	6.398474E-02	3	4	
0	9838	6.399674E-02	3	4	
0	9842	6.401933E-02	3	4	
0	9849	6.407023E-02	3	4	
0	9852	6.408392E-02	3	4	
0	9854	6.409817E-02	3	4	
0	9856	6.415452E-02	3	4	
0	9857	6.416337E-02	3	4	
0	9860	6.417214E-02	3	4	
0	9862	6.420147E-02	3	4	
0	9864	6.420541E-02	3	4	
0	9869	6.425617E-02	3	4	
0	9873	6.428758E-02	3	4	
0	9879	6.435825E-02	3	4	
0	9890	6.450450E-02	3	4	
0	9902	6.456615E-02	3	4	
0	9904	6.459430E-02	3	4	
0	9910	6.462601E-02	3	4	
0	9914	6.467399E-02	3	4	
0	9922	6.473712E-02	3	4	
0	9932	6.477980E-02	3	4	
0	9935	6.483551E-02	3	4	
0	9942	6.493034E-02	3	4	
0	9943	6.493293E-02	3	4	
0	9975	6.515096E-02	3	4	
0	9989	6.529730E-02	3	4	
0	9992	6.531559E-02	3	4	
0	9993	6.532681E-02	3	4	
0	9998	6.537267E-02	3	4	
